55
0.05,176.00003523494036,207.8750000060638,0.125,5.0,100.0,2000.0,4.712953181378682,-0.2917636265287504
0.05,176.00056641788126,207.50000042805843,0.5,10.0,100.0,0.0,4.714661763673151,-0.2856972933530385
0.05,176.00289009053319,206.87500496691302,1.125,15.0,100.0,0.0,4.7175632697759085,-0.27589369565575184
0.05,176.00923523231776,206.000028609935,2.0,20.0,100.0,0.0,4.721740671094586,-0.2627895207888045
0.05,176.0228691655342,204.87511268439783,3.125,25.0,100.0,0.0,4.727314656265851,-0.24695017494404123
0.05,176.04825380172977,203.50034994012816,4.5,30.0,100.0,0.0,4.7344486286251986,-0.22902787036665825
0.05,176.09126117344147,201.87592453184658,6.125,35.0,100.0,0.0,4.743355852473463,-0.20971419759131385
0.05,176.15946121583525,200.00217465339435,8.0,40.0,100.0,0.0,4.754309382463224,-0.18969228514129421
0.05,176.26250001532594,197.87969002852464,10.125,45.0,100.0,0.0,4.767655661018523,-0.1695939068401972
0.05,176.4125935904316,195.50946347369867,12.5,50.0,100.0,0.0,4.783832984955362,-0.14996605971316543
0.05,176.62517095763332,192.89312707964876,15.125,55.00000000000001,100.00000000000014,2.8421709430404007E-12,4.8033964128378015,-0.13124977394537224
0.05,176.9197105182681,190.03332182164613,18.0,60.0,99.99999999999986,-5.6843418860808015E-12,4.82705103614037,-0.1137717383833116
0.05,177.32082393946422,186.93427915501675,21.125,65.0,100.0,2.8421709430404007E-12,4.85569562727197,-0.09774733809310775
0.05,177.85964606789014,183.60274081996823,24.5,70.0,100.0,0.0,4.890477845978242,-0.08329235596139052
0.05,178.57557286689303,180.04941736501607,28.125,75.0,100.0,0.0,4.932858782520013,-0.07044005761597795
0.05,179.51831531384667,176.29129241379633,32.0,80.0,100.0,0.0,4.98467484726986,-0.059160552870847365
0.05,180.7500253652234,172.35520275259003,36.125,85.0,100.0,0.0,5.048161086972037,-0.0493799359440475
0.05,182.34675009064452,168.28316769026472,40.5,90.0,100.0,0.0,5.125849399647705,-0.04099742037687203
0.05,184.39749009997,164.13959082752825,45.125,95.0,100.0,0.0,5.220171080263503,-0.03389919057428849
0.05,186.9977551546863,160.0190047000624,50.0,100.0,100.0,0.0,5.332526198935869,-0.02796778460386743
0.05,190.14905075321244,156.14134657870446,55.0,100.0,0.0,-2000.0,5.458509676417901,-0.023190737740010743
0.05,193.77315605468615,152.70186676388894,60.0,100.0,0.0,0.0,5.589581030525992,-0.019457995395137144
0.05,197.8143667117629,149.76350473049655,65.0,100.0,0.0,0.0,5.718459077515947,-0.01654465413830277
0.05,202.19076510363118,147.3516566897756,70.0,100.0,0.0,0.0,5.838664682196232,-0.014266765811956897
0.05,206.8138351354479,145.45346754003234,75.0,100.0,0.0,0.0,5.946208816996658,-0.012474900226280398
0.05,211.60470254379626,144.0289173718053,80.0,100.0,0.0,0.0,6.039802468801984,-0.011051098597122479
0.05,216.50152077812209,143.02504373766826,85.0,100.0,0.0,0.0,6.120047483008069,-0.009905221784203637
0.05,221.45964079258442,142.3868449779435,90.0,100.0,0.0,0.0,6.188473009790848,-0.008970032193408287
0.05,226.4484532540123,142.06334512690466,95.0,100.0,0.0,0.0,6.246862834852806,-0.008195992161348498
0.05,231.44766735957177,142.00748974508033,100.0,100.0,0.0,0.0,0.010334308198040931,-0.01161041350431615
0.05,236.44545960843632,142.14718283978272,105.0,100.0,0.0,0.0,0.0453749668094289,-0.010124318522467712
0.05,241.43548500062175,142.45904236859602,110.0,100.0,0.0,0.0,0.07924396138045466,-0.008868234857226369
0.05,246.41242588345534,142.93638651120887,115.0,100.0,0.0,0.0,0.1117523893003548,-0.007796725109718854
0.05,251.33071633377992,143.56564774088204,119.95857709949108,98.34308397964335,-33.13832040713294,-662.7664081426587,0.14249046540962002,-0.006881716694680532
0.05,256.0639958237508,144.31350377531177,124.75073129847326,93.34308397964335,-100.0,-1337.2335918573413,0.17065726430754732,-0.006111702546221935
0.05,260.52986546770205,145.14180296156607,129.29288549745542,88.34308397964335,-100.0,0.0,0.19587604695104596,-0.005467732367411142
0.05,264.7301102394257,146.02484160137072,133.58503969643758,83.34308397964335,-100.0,0.0,0.2183327468803024,-0.004923674617928024
0.05,268.6672394449632,146.93998371030298,137.62719389541974,78.34308397964335,-100.0,0.0,0.23823023575141908,-0.004460029798139917
0.05,272.3441679068589,147.86748656691577,141.4193480944019,73.34308397964335,-100.0,0.0,0.25577737404020284,-0.004062057366120355
0.05,275.7639740166182,148.79027280327017,144.96150229338406,68.34308397964335,-100.0,0.0,0.27118110192900313,-0.0037184890596568946
0.05,278.929724319907,149.69367783346584,148.25365649236622,63.34308397964335,-100.0,0.0,0.2846409886801141,-0.003420628589997893
0.05,281.84435273525486,150.56519243933866,151.29581069134838,58.34308397964335,-100.0,0.0,0.2963456606039103,-0.0031617110970033942
0.05,284.5105828214734,151.39421330395953,154.08796489033054,53.34308397964336,-99.99999999999986,2.8421709430404007E-12,0.30647059944699956,-0.002936440443651022
0.05,286.9308827703794,152.17180915373208,156.6301190893127,48.34308397964335,-100.00000000000014,-5.6843418860808015E-12,0.31517689940850513,-0.0027406503008624663
0.05,289.1074444172076,152.89050663781484,158.92227328829486,43.34308397964335,-100.0,2.8421709430404007E-12,0.32261066684118966,-0.0025710527460448543
0.05,291.04217919011154,153.54409777241236,160.96442748727702,38.34308397964335,-100.0,0.0,0.3289028302654487,-0.0024250496594334743
0.05,292.7367253923618,154.12746936752382,162.75658168625918,33.34308397964335,-100.0,0.0,0.33416919583031746,-0.002300589860526641
0.05,294.1924624640373,154.6364540589072,164.29873588524134,28.343083979643353,-100.0,0.0,0.3385106351450724,-0.002196060085279844
0.05,295.4105288936628,155.0677021776458,165.5908900842235,23.343083979643353,-100.0,0.0,0.3420133305917057,-0.002110201433768133
0.05,296.3918412671204,155.4185735540032,166.63304428320566,18.343083979643353,-100.0,0.0,0.34474903044821203,-0.0020420453679827065
0.05,297.13711258315965,155.68704836802078,167.42519848218782,13.343083979643353,-100.0,0.0,0.346775284914832,-0.0019908650649818047
0.05,297.64686846317596,155.87165625769023,167.96735268116998,8.343083979643353,-100.0,0.0,0.34813564657895013,-0.0019561391648787716
0.05,297.92146027350196,155.97142303554148,168.25950688015214,3.3430839796433536,-100.0,0.0,0.3488598267218005,-0.0019375258520682173
0.05,297.9999999999999,155.99999999999994,168.34308397964324,0.0,-66.86167959286706,662.7664081426587,0.34906585039886556,-0.0019322137922002836
0.05,297.9999999999999,155.99999999999994,168.34308397964324,0.0,0.0,1337.2335918573413,0.34906585039886556,-0.0019322137922002836
true
Max velocity: 100.0
Max acceleration: 100.0
Max jerk: 5000.0
Waypoint 1: x: 176.0 y: 208.0 theta: 90.0
Waypoint 2: x: 230.0 y: 142.0 theta: 0.0
Waypoint 3: x: 298.0 y: 156.0 theta: 20.0
end
