63
0.05,264.00000006018763,309.87499999999756,0.125,5.0,100.0,2000.0,4.712390424459728,-3.215240181450671E-5
0.05,264.0000038417561,309.5000000000191,0.5,10.0,100.0,0.0,4.712412003622564,-1.2791781449158758E-4
0.05,264.0000435661046,308.87500000150385,1.125,15.0,100.0,0.0,4.712504847134971,-2.8519161446703754E-4
0.05,264.00024326601635,308.00000002650074,2.0,20.0,100.0,0.0,4.712752151254174,-5.003749496125415E-4
0.05,264.0009205993675,306.87500024281184,3.125,25.0,100.0,0.0,4.713266215884582,-7.682599720021364E-4
0.05,264.0027221713866,305.5000014714537,4.5,30.0,100.0,0.0,4.714184418756323,-0.0010819120530632246
0.05,264.0067854684836,303.87500670007194,6.125,35.0,100.0,0.0,4.715664231595454,-0.0014325888863347964
0.05,264.01491893419524,302.00002472420874,8.0,40.0,100.0,0.0,4.717877387348605,-0.0018097421523004093
0.05,264.0297903440942,299.87507762844194,10.125,45.0,100.0,0.0,4.7210032961616095,-0.0022011471538338494
0.05,264.0551124074058,297.5002143860618,12.5,50.0,100.0,0.0,4.725221781984114,-0.0025931973108101686
0.05,264.095813352605,294.87553323334316,15.125,55.00000000000001,100.00000000000014,2.8421709430404007E-12,4.730705177309987,-0.002971382298562361
0.05,264.15817905324633,292.0012154609474,18.0,60.0,99.99999999999986,-5.6843418860808015E-12,4.737609781865176,-0.003320941498925307
0.05,264.2499519749572,288.877572637579,21.125,65.0,100.0,2.8421709430404007E-12,4.746066678408011,-0.0036276515716257046
0.05,264.38037094189735,285.5051078268963,24.5,70.0,100.0,0.0,4.756171925255517,-0.003878674398449996
0.05,264.5601346803145,281.88458889779974,28.125,75.0,100.0,0.0,4.767976230873271,-0.004063367245555397
0.05,264.80127178260716,278.0171285201634,32.0,80.0,100.0,0.0,4.781474374838694,-0.004173948283988788
0.05,265.1169008670302,273.90426104181273,36.125,85.0,100.0,0.0,4.796594870446004,-0.004205922273462854
0.05,265.5208681384193,269.54800165248497,40.5,90.0,100.0,0.0,4.81319063998215,-0.004158202910145001
0.05,266.02725602192413,264.9508690067804,45.125,95.0,100.0,0.0,4.831031732863243,-0.004032914119265873
0.05,266.6497662878254,260.1158501023746,50.0,100.0,100.0,0.0,4.849801265744432,-0.0038349023002630525
0.05,267.3815136782038,255.16976008958727,55.0,100.0,0.0,-2000.0,4.868633505402055,-0.0035780253830061002
0.05,268.20448031575023,250.2380213610391,60.0,100.0,0.0,0.0,4.8866813793471255,-0.0032808500604013125
0.05,269.11371580241706,245.3214480956267,65.0,100.0,0.0,0.0,4.903620411838355,-0.0029547832029843736
0.05,270.1027969908346,240.4203038926779,70.0,100.0,0.0,0.0,4.919167516555126,-0.0026086568473847912
0.05,271.16405650161016,235.53427026308876,75.0,100.0,0.0,0.0,4.933081402018025,-0.002249108993695903
0.05,272.2888039093138,230.66244935199524,80.0,100.0,0.0,0.0,4.945161459867559,-0.00188096889751495
0.05,273.46753134518036,225.80339702191253,85.0,100.0,0.0,0.0,4.955245504983699,-0.0015076184056562053
0.05,274.6900982921001,220.95518108234052,90.0,100.0,0.0,0.0,4.963206832541132,-0.0011313159488048597
0.05,275.94589356556065,216.11545905653264,95.0,100.0,0.0,0.0,4.968951071479582,-7.534799925158133E-4
0.05,277.22397543440235,211.28157019032722,100.0,100.0,0.0,0.0,4.972413268301944,-3.7493521843556804E-4
0.05,278.51319327673997,206.45063710784586,105.0,100.0,0.0,0.0,4.97355555352245,3.871446250243477E-6
0.05,279.80229597728766,201.61967332320506,110.0,100.0,0.0,0.0,4.972365644905732,3.826757113057849E-4
0.05,281.0800334465231,196.78569348155702,115.0,100.0,0.0,0.0,4.968856339038072,7.612114188500002E-4
0.05,282.33525821186174,191.9458235724253,120.0,100.0,0.0,0.0,4.963066040796968,0.0011390259285542351
0.05,283.5570340250253,187.0974083549529,125.0,100.0,0.0,0.0,4.955060279081174,0.0015152846734956392
0.05,284.7347578482378,182.23811285733063,130.0,100.0,0.0,0.0,4.944934055162969,0.0018885546018655708
0.05,285.85830039527457,177.36601414240235,135.0,100.0,0.0,0.0,4.932814767439318,0.0022565572956842763
0.05,286.9181685781848,172.47967873120086,140.0,100.0,0.0,0.0,4.918865358377805,0.0026158847069482536
0.05,287.9056907585898,167.57822037404262,145.0,100.0,0.0,0.0,4.903287248367724,0.0029616743421602303
0.05,288.8132227321233,162.66133256268654,150.0,100.0,0.0,0.0,4.88632257661307,0.0032872472606627757
0.05,289.6343691562453,157.7292905858194,155.0,100.0,0.0,0.0,4.86825528505548,0.003583722528848048
0.05,290.36386313543886,152.78545012683819,159.99744522130462,99.8978088521843,-2.0438229563140453,-40.876459126280906,4.849420446056236,0.0038395188589219077
0.05,290.983915454526,147.95526664348338,164.86733566391382,94.8978088521843,-100.0,-1959.123540873719,4.8306662479793,0.004036138205496579
0.05,291.48811475522876,143.3630334503788,169.48722610652302,89.8978088521843,-100.0,0.0,4.812847655400479,0.004159919314434933
0.05,291.89017671410085,139.0117288662964,173.85711654913223,84.8978088521843,-100.0,0.0,4.796279779762843,0.004206064734787874
0.05,292.2041840981398,134.9038614891155,177.97700699174143,79.8978088521843,-100.0,0.0,4.781190846016502,0.004172511479561221
0.05,292.44397233440213,131.04143644170352,181.84689743435064,74.8978088521843,-100.0,0.0,4.767726328746292,0.004060413522979709
0.05,292.6226407658982,127.42597892716807,185.46678787695984,69.8978088521843,-100.0,0.0,4.755956286173504,0.0038743341796071275
0.05,292.7521927854746,124.0585939161686,188.83667831956905,64.8978088521843,-100.0,0.0,4.745884714241315,0.003622117327456052
0.05,292.84329835767755,120.9400432054789,191.95656876217825,59.8978088521843,-100.0,0.0,4.737459895125259,0.0033144561905694855
0.05,292.9051660374915,118.07082535425258,194.82645920478745,54.89780885218429,-100.00000000000014,-2.8421709430404007E-12,4.730584974839751,0.0029642239766536037
0.05,292.9455082195484,115.45124878649202,197.44634964739666,49.8978088521843,-99.99999999999986,5.6843418860808015E-12,4.725128279898686,0.0025856619936883802
0.05,292.9705822567239,113.08149273214252,199.81624009000586,44.8978088521843,-100.0,-2.8421709430404007E-12,4.720933112650553,0.0021935321071689384
0.05,292.98529042210555,110.96165416720251,201.93613053261507,39.8978088521843,-100.0,0.0,4.717826922342232,0.0018023313203222005
0.05,292.9933227376795,109.09178135315,203.80602097522427,34.8978088521843,-100.0,0.0,4.715629833323568,0.001425641613351007
0.05,292.99732797724806,107.47189600761305,205.42591141783348,29.897808852184298,-100.0,0.0,4.714162537260929,0.0010756555467177145
0.05,292.99909942504814,106.1020067576408,206.79580186044268,24.897808852184298,-100.0,0.0,4.713253543027323,7.628853431529802E-4
0.05,292.99976317137487,104.98211652377509,207.91569230305188,19.897808852184298,-100.0,0.0,4.712745746040257,4.960362085926841E-4
0.05,292.9999578973112,104.11222610510342,208.7855827456611,14.897808852184296,-100.00000000000003,-5.684341886080801E-13,4.712502244551962,2.8200674667474705E-4
0.05,292.9999963320168,103.4923356638995,209.4054731882703,9.897808852184298,-99.99999999999996,1.4210854715202004E-12,4.712411304822421,1.259709853230392E-4
0.05,292.9999999434267,103.12244522130584,209.7753636308795,4.897808852184298,-100.0,-8.526512829121202E-13,4.712390366067821,3.149641274947501E-5
0.05,292.99999999999994,103.00000000000017,209.8978088521841,0.0,-97.95617704368595,40.876459126280906,4.712388980384688,8.445657063491667E-17
0.05,292.99999999999994,103.00000000000017,209.8978088521841,0.0,0.0,1959.123540873719,4.712388980384688,8.445657063491667E-17
false
Max velocity: 100.0
Max acceleration: 100.0
Max jerk: 5000.0
Waypoint 1: x: 264.0 y: 310.0 theta: 90.0
Waypoint 2: x: 293.0 y: 103.0 theta: 90.0
end
