12
0.05,115.71335570219006,263.0,0.28664429780994005,11.465771912397601,229.31543824795202,4586.30876495904,3.141592653589793,3.0134290347870898E-18
0.05,114.56677851095046,263.0,1.4332214890497004,34.397315737192805,458.6308764959041,4586.308764959042,3.141592653589793,1.3097024708794806E-17
0.05,112.27362412847084,263.0,3.726375871529221,57.328859561988004,458.630876495904,-2.2737367544323206E-12,3.141592653589793,2.4752880262168965E-17
0.05,108.83389255475501,263.0,7.166107445248501,80.26040338678321,458.6308764959041,2.2737367544323206E-12,3.141592653589793,2.5320981511882672E-17
0.05,104.5342280876102,263.0,11.465771912397603,91.72617529918081,229.315438247952,-4586.308764959042,3.141592653589793,8.222121774165386E-18
0.05,100.04278510950199,263.0,15.95721489049389,87.93154382467064,-75.89262949020338,-6104.161354763107,3.141592653589793,-1.524027676048713E-17
0.05,96.02771800292288,263.0,19.97228199705473,72.67114043776286,-305.20806773815565,-4586.308764959045,3.141592653589793,-2.6993193359721458E-17
0.05,92.96744957664069,263.0,23.03255042332299,49.73959661296765,-458.6308764959041,-3068.4561751549686,3.141592653589793,-2.2051362861157862E-17
0.05,91.05375834160348,263.0,24.946241658351493,26.808052788172454,-458.630876495904,2.2737367544323206E-12,3.141592653589793,-1.0098948379136563E-17
0.05,90.19177851094807,263.0,25.80822148900299,7.671140437887426,-382.7382470057005,1517.8525898040698,3.141592653589793,-2.0386635330749093E-18
0.05,90.0,263.0,25.999999999950173,0.0,-153.42280875774853,4586.308764959039,3.141592653589793,-4.9303806576313216E-32
0.05,90.0,263.0,25.999999999950173,0.0,0.0,3068.4561751549704,3.141592653589793,-4.9303806576313216E-32
true
Max velocity: 250.0
Max acceleration: 500.0
Max jerk: 5000.0
Waypoint 1: x: 116.0 y: 263.0 theta: 0.0
Waypoint 2: x: 90.0 y: 263.0 theta: 0.0
end
1.0
