36
0.05,85.9999993104598,262.7794117647034,0.22058823529411767,8.823529411764707,176.47058823529412,3529.411764705882,4.7123796090648975,5.979322350430245E-5
0.05,85.99995614025617,262.1176470607544,0.8823529411764707,17.647058823529413,176.47058823529412,0.0,4.712240264455152,2.3627959795404822E-4
0.05,85.9995054839572,261.01470599269595,1.9852941176470593,26.47058823529412,176.47058823529412,0.0,4.711646274576093,5.211955108506487E-4
0.05,85.99726063662774,259.47059013499717,3.529411764705883,35.294117647058826,176.47058823529412,0.0,4.710085599817016,9.020306243056194E-4
0.05,85.98973756799424,257.48531111429514,5.514705882352942,44.11764705882353,176.47058823529406,-1.1368683772161603E-12,4.706899355797612,0.0013635272416446125
0.05,85.97002145100268,255.05892376866404,7.941176470588236,52.94117647058824,176.4705882352942,2.8421709430404007E-12,4.701333557161471,0.0018891257708472534
0.05,85.92632703004833,252.19161875012773,10.808823529411766,61.764705882352935,176.47058823529392,-5.6843418860808015E-12,4.6925996286420295,0.0024619444319411627
0.05,85.84063186797034,248.88392724465584,14.11764705882353,70.58823529411765,176.47058823529434,8.526512829121202E-12,4.679943340506622,0.0030649717989426673
0.05,85.68759522700357,245.13709767527104,17.86764705882353,79.41176470588235,176.47058823529392,-8.526512829121202E-12,4.662724504677293,0.0036802542770337262
0.05,85.43402489675304,240.95368531050457,22.058823529411764,88.23529411764706,176.4705882352942,5.6843418860808015E-12,4.640511367425647,0.004286944025803954
0.05,85.0392158228309,236.3383323332621,26.691176470588236,97.05882352941177,176.4705882352942,0.0,4.613191661815392,0.004858163518275795
0.05,84.45652484668351,231.29859434990198,31.764705882352942,105.88235294117648,176.4705882352942,0.0,4.581094078770594,0.005356852435531435
0.05,83.63649381335418,225.84549965619516,37.279411764705884,114.70588235294117,176.47058823529392,-5.6843418860808015E-12,4.545098773837367,0.005731295300919918
0.05,82.53160034859523,219.99337359332213,43.23529411764706,123.52941176470587,176.47058823529392,0.0,4.506698397456128,0.005912133035569807
0.05,81.10227207245057,213.75845117061635,49.63235294117647,132.35294117647058,176.4705882352942,5.6843418860808015E-12,4.467964799369655,0.005814416502005772
0.05,79.3232765096588,207.1560716007803,56.470588235294116,141.1764705882353,176.47058823529449,5.6843418860808015E-12,4.431395228034017,0.005350051566834034
0.05,77.1892885633824,200.1967991955634,63.75,150.0,176.47058823529392,-1.1368683772161603E-11,4.399654077235661,0.004455776450965942
0.05,74.8236579533725,193.18260226753534,71.15254779183078,146.1019116732316,-77.96176653536804,-5088.647095413239,4.376071900281717,0.003196192629376021
0.05,72.43429534399966,186.51324199365413,78.23705514019825,137.2783822614669,-176.47058823529392,-1970.1764339985175,4.362071448195881,0.0017925022295062118
0.05,70.13290937036474,180.28128041494182,84.88038601797749,128.4548528497022,-176.47058823529392,0.0,4.356357103625294,4.5266836560780703E-4
0.05,67.97027958288731,174.4683853647686,91.08254042516847,119.63132343793748,-176.47058823529449,-1.1368683772161603E-11,4.356973979348098,-6.845282781153922E-4
0.05,65.97741647783408,169.06308311743908,96.84351836177123,110.80779402617279,-176.47058823529392,1.1368683772161603E-11,4.362003015429801,-0.0015448382098114648
0.05,64.16953719312058,164.05991215531995,102.16331982778576,101.98426461440808,-176.4705882352942,-5.6843418860808015E-12,4.369699024893784,-0.0021107196302498654
0.05,62.55011960836441,159.45792219321183,107.04194482321205,93.16073520264337,-176.4705882352942,0.0,4.378578631324821,-0.0024035061857028512
0.05,61.114725974595935,155.2590575407867,111.4793933480501,84.33720579087866,-176.4705882352942,0.0,4.387472855603841,-0.002465428912732982
0.05,59.85437869383639,151.46674583503454,115.47566540229991,75.51367637911395,-176.4705882352942,0.0,4.395547897546452,-0.0023464030968905433
0.05,58.75831869346669,148.0848367572477,119.03076098596149,66.69014696734925,-176.47058823529392,5.6843418860808015E-12,4.402295928737751,-0.002096355852127087
0.05,57.816041684156716,145.11691082479967,122.14468009903484,57.86661755558454,-176.4705882352942,-5.6843418860808015E-12,4.407500106785562,-0.0017618021540506611
0.05,57.01859187659774,142.56590730647437,124.81742274151995,49.043088143819844,-176.47058823529392,5.6843418860808015E-12,4.411180548806837,-0.0013848975132528848
0.05,56.35917664629129,140.433993415945,127.04898891341682,40.219558732055134,-176.4705882352942,-5.6843418860808015E-12,4.413529034552048,-0.0010034877958383776
0.05,55.83323088828968,138.72259752925012,128.83937861472546,31.396029320290424,-176.4705882352942,0.0,4.414839837472971,-6.511896858691291E-4
0.05,55.43809797618367,137.43254083743167,130.18859184544587,22.57249990852572,-176.47058823529406,2.8421709430404007E-12,4.4154429957004755,-3.57026234396909E-4
0.05,55.17250538295251,136.5642140963211,131.09662860557805,13.748970496761013,-176.47058823529414,-1.7053025658242404E-12,4.415645081987874,-1.4454020326089696E-4
0.05,55.03600155566192,136.11775554834466,131.563488895122,4.925441084996309,-176.47058823529406,1.7053025658242404E-12,4.415681339901917,-3.059527934324132E-5
0.05,54.99999999999997,136.0,131.6866249222469,0.0,-98.50882169992617,1559.2353307073577,4.4156830075456535,7.808987481780787E-18
0.05,54.99999999999997,136.0,131.6866249222469,0.0,0.0,1970.1764339985234,4.4156830075456535,7.808987481780787E-18
false
Max velocity: 150.0
Max acceleration: 180.0
Max jerk: 5000.0
Waypoint 1: x: 86.0 y: 263.0 theta: -90.0
Waypoint 2: x: 55.0 y: 136.0 theta: 252.99999999999997
end
50.0
