26
0.05,28.124999308710464,304.7834932499273,0.25,10.0,200.0,4000.0,5.2359781828655905,5.0027048159748576E-5
0.05,28.624914199642703,303.91741871648276,1.25,30.0,400.0,4000.0,5.235750692147698,2.4663728163408846E-4
0.05,29.74814548028246,301.96784173248636,3.5,60.0,600.0,4000.0,5.234167662088938,6.700537481466933E-4
0.05,31.60891546690075,298.7120781954915,7.25,90.0,600.0,0.0,5.228436238791977,0.0013254315300299465
0.05,34.170146644405335,294.12926814605044,12.5,120.0,600.0,0.0,5.214527263789175,0.0021584340553447976
0.05,37.34416277125095,288.1723051460652,19.25,150.0,600.0,0.0,5.187848673623657,0.003119354104582551
0.05,40.86105480739022,280.9874645274952,27.25,170.00000000000003,400.00000000000057,-3999.9999999999886,5.145632383374387,0.004133662918896911
0.05,44.31571095570921,272.9495690760354,36.0,180.0,199.99999999999943,-4000.0000000000227,5.089599298004789,0.005102395518802472
0.05,47.36338270815761,264.482933275037,45.0,180.0,0.0,-3999.9999999999886,5.025532761709518,0.005920530708228321
0.05,49.85193479592665,255.83551361467073,54.0,180.0,0.0,0.0,4.95978849864375,0.006493760686704579
0.05,51.777009056574386,247.04532271741658,63.0,180.0,0.0,0.0,4.897037539376093,0.006733508044215423
0.05,53.174927155451456,238.15574181431006,72.0,180.0,0.0,0.0,4.841075699824218,0.006554569218419863
0.05,54.11373944318455,229.20566294751464,81.0,180.0,0.0,0.0,4.794413685183207,0.005912923101474846
0.05,54.680747500196226,220.224034095296,90.0,180.0,0.0,0.0,4.758241066236035,0.004842531017023872
0.05,54.97040119423157,211.2289427531312,99.0,180.0,0.0,0.0,4.732636746035729,0.0034733346326170085
0.05,55.074588544215956,202.2296398346467,108.0,180.0,0.0,0.0,4.716824305248775,0.002016769251037248
0.05,55.07593025909553,193.44549905661304,116.78416098212577,171.3664392850308,-172.67121429938413,-3453.4242859876827,4.709437551364168,7.486492973910356E-4
0.05,55.04331680939073,185.34308252269818,124.88664392850308,152.7328785700616,-372.67121429938413,-4000.0,4.707988814216514,-9.693383469988263E-5
0.05,55.01651185358119,178.42233005117993,131.80744883913192,124.0993178550924,-572.6712142993838,-3999.999999999993,4.709303633799346,-4.655022623207367E-4
0.05,55.00415922269413,172.9673787753586,137.26241473188654,94.09931785509241,-599.9999999999997,-546.5757140123173,4.710955043308877,-4.7985200749197423E-4
0.05,55.00059899129592,169.01241465343574,141.21738062464115,64.0993178550924,-600.0000000000002,-1.1368683772161603E-11,4.711958511237194,-3.204392071379338E-4
0.05,55.00003754825263,166.55744883831784,143.67234651739577,34.0993178550924,-599.9999999999998,9.094947017729282E-12,4.712317688457868,-1.4417417380481226E-4
0.05,55.00000059309623,165.3866439285007,144.8431514280246,12.732878570061601,-427.328785700616,3453.424285987676,4.7123843944615205,-3.819532600641249E-5
0.05,55.00000000041295,165.0341609821257,145.19563437440192,1.3664392850308005,-227.328785700616,3999.999999999999,4.712388944131579,-3.4392972444551676E-6
0.05,54.999999999999986,165.00000000000006,145.2297953565277,0.0,-27.32878570061601,4000.0,4.71238898038469,-1.0650976624370083E-17
0.05,54.999999999999986,165.00000000000006,145.2297953565277,0.0,0.0,546.5757140123202,4.71238898038469,-1.0650976624370083E-17
false
Max velocity: 180.0
Max acceleration: 600.0
Max jerk: 5000.0
Waypoint 1: x: 28.0 y: 305.0 theta: -59.99999999999999
Waypoint 2: x: 55.0 y: 165.0 theta: 270.0
end
35.0
