39
0.05,68.00000021494894,309.87996051026,0.12003948972396024,4.801579588958409,96.03159177916818,1920.6318355833635,4.712394350643924,-0.026211965765782805
0.05,68.00001371839349,309.51984204137153,0.48015795889584095,9.603159177916819,96.03159177916818,0.0,4.712474587775039,-0.10459857416446515
0.05,68.0001555711034,308.9196446124276,1.080355407515642,14.404738766875226,96.03159177916815,-5.684341886080801E-13,4.712819869402372,-0.23652200866589146
0.05,68.00086910660114,308.07936851704585,1.9206318355833636,19.206318355833638,96.03159177916822,1.4210854715202004E-12,4.713740864042015,-0.4315155770053364
0.05,68.00329361026212,306.99901599664565,3.0009872430990057,24.007897944792045,96.03159177916815,-1.4210854715202004E-12,4.715662741961696,-0.7210081325899647
0.05,68.00976707926056,305.6785981379525,4.321421630062568,28.809477533750453,96.03159177916815,0.0,4.719123086586911,-1.1933136728995395
0.05,68.02446775571524,304.1181560991943,5.881934996474051,33.611057122708864,96.03159177916822,1.4210854715202004E-12,4.72477895699771,-2.116880874588627
0.05,68.05421882727887,302.31781517708964,7.682527342333454,38.412636711667275,96.03159177916822,0.0,4.733429143077268,-4.585547481704794
0.05,68.10951347530599,300.27790670495017,9.723198667640778,43.21421630062568,96.03159177916808,-2.8421709430404007E-12,4.746058921677357,-17.72027948136219
0.05,68.20586504051352,297.9992228632508,12.003948972396023,48.01579588958409,96.03159177916822,2.8421709430404007E-12,4.763917074070738,-5432.079066250799
0.05,68.36565373681353,295.48352729125287,14.524778256599188,52.8173754785425,96.03159177916822,0.0,4.788639083122188,-11.32249901772547
0.05,68.62072948966812,292.73455922154017,17.285686520250273,57.618955067500906,96.03159177916808,-2.8421709430404007E-12,4.8224356866361395,-2.5693531338529505
0.05,69.01612339290548,289.7599994960315,20.286673763349278,62.420534656459324,96.03159177916837,5.6843418860808015E-12,4.868367051595163,-0.9899242053789217
0.05,69.61521781515796,286.5753178222244,23.527739985896204,67.22211424541773,96.03159177916808,-5.6843418860808015E-12,4.930697408090166,-0.4728324926279849
0.05,70.50623660980676,283.2112056122804,27.008885187891053,72.02369383437615,96.03159177916837,5.6843418860808015E-12,5.015195914347653,-0.25309049319258514
0.05,71.80774011455443,279.7271413930617,30.73010936933382,76.82527342333455,96.03159177916808,-5.6843418860808015E-12,5.128807716428411,-0.14513547238013869
0.05,73.66451036790963,276.23206869065535,34.69141253022451,81.62685301229295,96.03159177916808,0.0,5.277104216325718,-0.08720029007648154
0.05,76.21564478050573,272.9011050985283,38.89279467056312,86.42843260125136,96.03159177916808,0.0,5.457489455952447,-0.0543695343259959
0.05,79.3961594141075,270.04808930487803,43.17172261392472,84.72868513321258,-33.99494936077559,-2600.5308227988735,5.645037985649325,-0.03563929732258802
0.05,82.89094767064022,267.8815169651029,47.288117380861394,79.92710554425416,-96.03159177916837,-1240.7328483678555,5.807033620681318,-0.024884721187445186
0.05,86.44202215450466,266.33363136563753,51.16443316835014,75.12552595529576,-96.03159177916808,5.6843418860808015E-12,5.932588885147368,-0.018342321535006673
0.05,89.91238316459403,265.25233036092834,54.80066997639097,70.32394636633734,-96.03159177916837,-5.6843418860808015E-12,6.025958846136697,-0.014061365825946002
0.05,93.22487353945334,264.5061567843672,58.196827804983876,65.52236677737893,-96.03159177916808,5.6843418860808015E-12,6.094564648614457,-0.011080952981383424
0.05,96.3390747079047,263.9957891823579,61.35290665412886,60.72078718842052,-96.03159177916822,-2.8421709430404007E-12,6.144996610929375,-0.008899039477874862
0.05,99.23431818995098,263.64989876282806,64.26890652382592,55.91920759946212,-96.03159177916808,2.8421709430404007E-12,6.182200640424784,-0.007237544505099414
0.05,101.90009373440722,263.41807573307585,66.94482741407506,51.11762801050371,-96.03159177916822,-2.8421709430404007E-12,6.2097114331997805,-0.005933921283281038
0.05,104.33106747456307,263.26481732242206,69.3806693248763,46.316048421545304,-96.03159177916808,2.8421709430404007E-12,6.230043249745932,-0.0048886068704889025
0.05,106.52454641029979,263.1651426361052,71.5764322562296,41.51446883258689,-96.03159177916822,-2.8421709430404007E-12,6.245007809869056,-0.004038178337155448
0.05,108.47918568489938,263.1015268795289,73.53211620813498,36.71288924362848,-96.03159177916822,0.0,6.255935672818046,-0.0033409133179771217
0.05,110.19432535836944,263.0617643218787,75.24772118059245,31.91130965467007,-96.03159177916822,0.0,6.263822842498178,-0.002768643793301295
0.05,111.66964923209724,263.0374594626636,76.72324717360199,27.109730065711663,-96.03159177916815,1.4210854715202004E-12,6.269426361329541,-0.002301964016852851
0.05,112.90501017433523,263.02294290790024,77.95869418716362,22.30815047675325,-96.03159177916822,-1.4210854715202004E-12,6.273326473628077,-0.001927312600849874
0.05,113.9003419452233,263.01448042251366,78.95406222127731,17.506570887794844,-96.03159177916815,1.4210854715202004E-12,6.2759670929326195,-0.0016351496602997257
0.05,114.6556157265904,263.0096917385612,79.70935127594309,12.704991298836434,-96.03159177916818,-5.684341886080801E-13,6.277682144379624,-0.0014188009625684273
0.05,115.1708193939383,263.00712672100934,80.22456135116096,7.903411709878025,-96.03159177916818,0.0,6.278712608504413,-0.0012737240904502059
0.05,115.44594803957598,263.0059662987251,80.4996924469309,3.1018321209196156,-96.03159177916818,0.0,6.27921731301302,-0.0011970514263562734
0.05,115.52349325290314,263.00566390945386,80.57723824995388,0.0,-62.03664241839231,679.8989872155173,6.279353881532469,-0.001175539885569497
0.05,115.52349325290314,263.00566390945386,80.57723824995388,0.0,0.0,1240.7328483678461,6.279353881532469,-0.001175539885569497
0.05,115.52349325290314,263.00566390945386,80.57723824995388,0.0,0.0,0.0,6.279353881532469,-0.001175539885569497
true
Max velocity: 100.0
Max acceleration: 100.0
Max jerk: 5000.0
Waypoint 1: x: 68.0 y: 310.0 theta: 90.0
Waypoint 2: x: 120.0 y: 263.0 theta: 180.0
end
