63
0.05,62.99999994910021,307.87499999999807,0.125,5.0,100.0,2000.0,4.7123877591592525,1.6072776487474675E-5
0.05,62.99999675127341,307.50000000001546,0.5,10.0,100.0,0.0,4.71236951162456,6.394324800964706E-5
0.05,62.99996316265401,306.8750000010664,1.125,15.0,100.0,0.0,4.712291015229018,1.4258469861539596E-4
0.05,62.99979433651336,306.0000000189538,2.0,20.0,100.0,0.0,4.712081981545107,2.503399824107792E-4
0.05,62.99922185593411,304.875000173463,3.125,25.0,100.0,0.0,4.71164763142913,3.8499539023746876E-4
0.05,62.99769965593632,303.50000105055693,4.5,30.0,100.0,0.0,4.710872207798156,5.438706859101998E-4
0.05,62.99426786881497,301.8750047801079,6.125,35.0,100.0,0.0,4.709623344454242,7.239141191098891E-4
0.05,62.987402038648995,300.0000176231748,8.0,40.0,100.0,0.0,4.707757200999286,9.217906359831549E-4
0.05,62.97485638825515,297.87505527168673,10.125,45.0,100.0,0.0,4.70512427483828,0.0011339521503453073
0.05,62.95351090290261,295.5001524430593,12.5,50.0,100.0,0.0,4.70157581044773,0.001356680329458109
0.05,62.91923295566901,292.87537857946296,15.125,55.00000000000001,100.00000000000014,2.8421709430404007E-12,4.696970739570593,0.0015860945477621296
0.05,62.86676507398999,290.00086139724465,18.0,60.0,99.99999999999986,-5.6843418860808015E-12,4.691183096655674,0.001818120183235112
0.05,62.78965123862774,286.8768195102483,21.125,65.0,100.0,2.8421709430404007E-12,4.684109851582677,0.002048415149747223
0.05,62.680214747971284,283.5036042574837,24.5,70.0,100.0,0.0,4.675679074831855,0.0022722555837341907
0.05,62.52960099630316,279.88174909542585,28.125,75.0,100.0,0.0,4.665858288033078,0.0024843853241453945
0.05,62.3278981966266,276.0120224842406,32.0,80.0,100.0,0.0,4.6546627495496615,0.002678838900049237
0.05,62.06434770106895,271.8954772747718,36.125,85.0,100.0,0.0,4.6421632847863314,0.002848755035643946
0.05,61.727652661728435,267.5334865373944,40.5,90.0,100.0,0.0,4.628493113571175,0.0029862081008713752
0.05,61.30638896015546,262.92775319812426,45.125,95.0,100.0,0.0,4.613852989238113,0.003082099074990035
0.05,60.7895155481283,258.08027956850674,50.0,100.0,100.0,0.0,4.598513897091319,0.003126165154065836
0.05,60.18310105809448,253.11723896404266,55.0,100.0,0.0,-2000.0,4.583191746231331,0.003108460658992268
0.05,59.502357541444155,248.16384183292809,60.0,100.0,0.0,0.0,4.568579389849907,0.003025414512680956
0.05,58.7516137853333,243.22056396610134,65.0,100.0,0.0,0.0,4.554941463233481,0.002876370292006374
0.05,57.93641038027588,238.2874998900247,70.0,100.0,0.0,0.0,4.5425092350035605,0.00266208213426055
0.05,57.06332175808447,233.36434412805752,75.0,100.0,0.0,0.0,4.531480577423028,0.00238505311650174
0.05,56.13978346268854,228.450395572918,80.0,100.0,0.0,0.0,4.522020767436184,0.0020497738805948444
0.05,55.17392912176662,223.5445827068997,85.0,100.0,0.0,0.0,4.514263896366491,0.0016628297971317389
0.05,54.17443983416604,218.6455065413091,90.0,100.0,0.0,0.0,4.508314616461464,0.0012328530673651032
0.05,53.150406823091316,213.75149777233662,95.0,100.0,0.0,0.0,4.504249945647687,7.703096259943792E-4
0.05,52.1112064673962,208.86068464556232,100.0,100.0,0.0,0.0,4.502120878065961,2.8712803264835705E-4
0.05,51.066385371416736,203.97106823065798,105.0,100.0,0.0,0.0,4.501953596264134,-2.038037934521404E-4
0.05,50.025552054686074,199.08060208240948,110.0,100.0,0.0,0.0,4.503750142012822,-6.892312709421526E-4
0.05,48.99827117454893,194.18727348743792,115.0,100.0,0.0,0.0,4.507488470050113,-0.0011561605852386152
0.05,47.99395594735006,189.28918358828042,120.0,100.0,0.0,0.0,4.513121878791238,-0.0015924613859360215
0.05,47.02175460921963,184.38462360999483,125.0,100.0,0.0,0.0,4.520577881930885,-0.001987388687082969
0.05,46.09042735484092,179.47214421084777,130.0,100.0,0.0,0.0,4.529756652822307,-0.002331978785420563
0.05,45.20821120297331,174.5506147031729,135.0,100.0,0.0,0.0,4.540529236050954,-0.0026192902559156995
0.05,44.3826716309088,169.6192686622689,140.0,100.0,0.0,0.0,4.552735771687377,-0.0028444796744694716
0.05,43.62054151785533,164.67773239750497,145.0,100.0,0.0,0.0,4.566184008424338,-0.0030047194726634105
0.05,42.92754979529025,159.72603306128542,150.0,100.0,0.0,0.0,4.58064838136556,-0.0030989795865165237
0.05,42.30824399450362,154.76458394734007,155.0,100.0,0.0,0.0,4.595869888337798,-0.0031277036352763765
0.05,41.776271592839656,149.897354708561,159.896262521458,95.85050085831985,-82.98998283360305,-1659.799656672061,4.611228824591779,-0.0030937822823219946
0.05,41.33924526390547,145.2503770707234,164.563787564374,90.85050085831983,-100.00000000000028,-340.20034332794467,4.626008947278585,-0.0030061523270919093
0.05,40.9887241801636,140.846815985226,168.98131260729,85.85050085831985,-99.99999999999972,1.1368683772161603E-11,4.639861245429138,-0.0028752766425957357
0.05,40.713314590371624,136.68842921621,173.148837650206,80.85050085831983,-100.00000000000028,-1.1368683772161603E-11,4.652573016427995,-0.0027104591981287913
0.05,40.50166881168471,132.77664683024196,177.066362693122,75.85050085831983,-100.0,5.6843418860808015E-12,4.663999729618521,-0.0025198222549619874
0.05,40.34291356207649,129.11257488921214,180.73388773603799,70.85050085831985,-99.99999999999972,5.6843418860808015E-12,4.674060255173504,-0.0023103995556820497
0.05,40.22697601766552,125.69702768635173,184.15141277895398,65.85050085831983,-100.00000000000028,-1.1368683772161603E-11,4.682730277442985,-0.0020882978883147415
0.05,40.14481048866668,122.53057555764096,187.31893782186998,60.85050085831985,-99.99999999999972,1.1368683772161603E-11,4.6900345959638665,-0.0018588826548529684
0.05,40.08853376743718,119.6135977183609,190.23646286478598,55.85050085831984,-100.00000000000014,-8.526512829121202E-12,4.696038887993951,-0.0016269578568541981
0.05,40.05148041856714,116.94633259912439,192.90398790770197,50.85050085831983,-100.00000000000014,0.0,4.70084134950095,-0.0013969219411870302
0.05,40.0281908896146,114.52892113772148,195.32151295061797,45.85050085831984,-99.99999999999986,5.6843418860808015E-12,4.704564486806428,-0.001172888721294335
0.05,40.01434578904252,112.36144101332275,197.48903799353397,40.85050085831984,-100.0,-2.8421709430404007E-12,4.70734722087351,-9.587679824259192E-4
0.05,40.00665944607567,110.44393169262483,199.40656303644997,35.85050085831984,-100.0,0.0,4.709337397145969,-7.58304279675562E-4
0.05,40.002745265859915,108.77641136990002,201.07408807936596,30.85050085831984,-100.0,0.0,4.710684761530356,-5.750755477273515E-4
0.05,40.00096461994082,107.35888748810041,202.49161312228196,25.85050085831984,-100.0,0.0,4.711534457417891,-4.1245589585074287E-4
0.05,40.000270150169584,106.19136266328348,203.65913816519796,20.85050085831984,-100.0,0.0,4.712021107809514,-2.735495181391548E-4
0.05,40.00005341990534,105.27383764821329,204.57666320811396,15.85050085831984,-100.0,0.0,4.71226356016247,-1.611049176992822E-4
0.05,40.00000578838667,104.60631260724975,205.24418825102995,10.85050085831984,-100.0,0.0,4.712360381832158,-7.742035935877702E-5
0.05,40.000000175268966,104.18878756437675,205.66171329394595,5.85050085831984,-100.0,0.0,4.712386196480264,-2.4252289803801258E-5
0.05,40.000000000250644,104.0212625214582,205.82923833686195,0.8505008583198405,-100.0,0.0,4.712388945014161,-2.7381000240865182E-6
0.05,40.000000000000014,104.0,205.85050085831995,0.0,-17.010017166396807,1659.7996566720637,4.71238898038469,-5.604009561703176E-18
0.05,40.000000000000014,104.0,205.85050085831995,0.0,0.0,340.20034332793614,4.71238898038469,-5.604009561703176E-18
false
Max velocity: 100.0
Max acceleration: 100.0
Max jerk: 5000.0
Waypoint 1: x: 63.0 y: 308.0 theta: 90.0
Waypoint 2: x: 40.0 y: 104.0 theta: 90.0
end
