71
0.05,104.99999998146122,63.12500000000014,0.125,5.0,100.0,2000.0,1.5707967717022306,-9.311906412547835E-6
0.05,104.99999881408539,63.49999999999816,0.5,10.0,100.0,0.0,1.5708034407650995,-3.7211226820464E-5
0.05,104.9999865025301,64.12499999985626,1.125,15.0,100.0,0.0,1.570832302648867,-8.358366592604748E-5
0.05,104.99992424829776,64.99999999742353,2.0,20.0,100.0,0.0,1.570909855687157,-1.4822184250695496E-4
0.05,104.99971145609612,66.1249999760515,3.125,25.0,100.0,0.0,1.5710729481356085,-2.3080035345830394E-4
0.05,104.99913998725091,67.49999985228419,4.5,30.0,100.0,0.0,1.5713685152113195,-3.308417405779493E-4
0.05,104.99783613550616,69.12499931326526,6.125,35.0,100.0,0.0,1.5718532212018297,-4.4767442121691834E-4
0.05,104.99519098183798,70.99999740463907,8.0,40.0,100.0,0.0,1.5725929908802772,-5.80384190440102E-4
0.05,104.99028000335898,73.12499162851559,10.125,45.0,100.0,0.0,1.573662409684631,-7.277615935485158E-4
0.05,104.98177307962975,75.49997617576726,12.5,50.0,100.0,0.0,1.5751439662528541,-8.882482875122001E-4
0.05,104.96783637412322,78.12493874854033,15.125,55.00000000000001,100.00000000000014,2.8421709430404007E-12,1.5771271035358074,-0.0010598864062005362
0.05,104.94602799075234,80.99985523552014,18.0,60.0,99.99999999999986,-5.6843418860808015E-12,1.5797070354064522,-0.0012402758215943257
0.05,104.91318984317704,84.12468129731838,21.125,65.0,100.0,2.8421709430404007E-12,1.5829832740892111,-0.001426544907122278
0.05,104.86533886291969,87.4993397271182,24.5,70.0,100.0,0.0,1.5870577996965272,-0.0016153407705712755
0.05,104.79756155222753,91.12370230852169,28.125,75.0,100.0,0.0,1.5920327869322077,-0.0018028447135155984
0.05,104.70391700332544,94.99756485238484,32.0,80.0,100.0,0.0,1.5980077865240232,-0.0019848176738397664
0.05,104.57735489779205,99.1206142288008,36.125,85.0,100.0,0.0,1.6050762420946152,-0.002156678446931983
0.05,104.4096566931508,103.49238662006965,40.5,90.0,100.0,0.0,1.613321210239016,-0.00231361449376349
0.05,104.19141018964541,108.11221701771197,45.125,95.0,100.0,0.0,1.6228101474233374,-0.00245072122535679
0.05,103.9120298808861,112.9791813151491,50.0,100.0,100.0,0.0,1.6335886384698832,-0.0025631610982602524
0.05,103.56916972322651,117.96738315906896,55.0,100.0,0.0,-2000.0,1.6453699859309832,-0.002644721433029093
0.05,103.16597044538116,122.9510675178708,60.0,100.0,0.0,0.0,1.6577719818336885,-0.0026929700586108512
0.05,102.69971039303627,127.92924538922298,65.0,100.0,0.0,0.0,1.670668845144671,-0.002709128799598925
0.05,102.16833647112907,132.90089255210654,70.0,100.0,0.0,0.0,1.6839252530090685,-0.0026946537054161556
0.05,101.57050946725226,137.86498608858756,75.0,100.0,0.0,0.0,1.6973968793285215,-0.002651132818041919
0.05,100.90564456583049,142.820545885152,80.0,100.0,0.0,0.0,1.7109311419435567,-0.002580189217565663
0.05,100.17394598972923,147.76667981878202,85.0,100.0,0.0,0.0,1.7243681080640167,-0.002483391135117469
0.05,99.37643514489791,152.70263107012704,90.0,100.0,0.0,0.0,1.7375414869104575,-0.002362169798444879
0.05,98.51497219747647,157.62782582614182,95.0,100.0,0.0,0.0,1.750279622087992,-0.0022177446137244504
0.05,97.59227164180002,162.54191955191578,100.0,100.0,0.0,0.0,1.7624063860235406,-0.002051054300700444
0.05,96.61191307199994,167.4448400295476,105.0,100.0,0.0,0.0,1.7737418761854504,-0.001862691671631181
0.05,95.5783489968605,172.33682546344966,110.0,100.0,0.0,0.0,1.7841028182126513,-0.001652838835132421
0.05,94.49691208796756,177.21845610407848,115.0,100.0,0.0,0.0,1.7933025941240732,-0.0014211986422399837
0.05,93.3738246844615,182.0906779979114,120.0,100.0,0.0,0.0,1.8011508335269193,-0.0011669170684488893
0.05,92.21621366346147,186.95481757344572,125.0,100.0,0.0,0.0,1.8074525312266545,-8.88489792425556E-4
0.05,91.03213390091861,191.81258575670412,130.0,100.0,0.0,0.0,1.8120066855050396,-5.836442769074032E-4
0.05,89.83060347008845,196.66607011096946,135.0,100.0,0.0,0.0,1.8146044885681794,-2.491858723874369E-4
0.05,88.6216927782953,201.5177228601496,140.0,100.0,0.0,0.0,1.8149537316058824,6.311540396894809E-4
0.05,87.41776487695583,206.3706133946623,145.0,100.0,0.0,0.0,1.8127080963813498,0.0015733789748868928
0.05,86.2265695179286,211.22664465573288,150.0,100.0,0.0,0.0,1.8101601901978763,0.001022678328402514
0.05,85.043339117279,216.08462418706858,155.0,100.0,0.0,0.0,1.809810235477969,-8.284210813453746E-4
0.05,83.85213634886944,220.94065166855097,160.0,100.0,0.0,0.0,1.8137655928121705,-0.0036978735471415464
0.05,82.62762570238414,225.78836891726488,165.0,100.0,0.0,0.0,1.8238193753563885,-0.0071745246851731975
0.05,81.3365233341363,230.61873120541105,170.0,100.0,0.0,0.0,1.8415388548661582,-0.010751313065440766
0.05,79.9388104828065,235.4192418927716,175.0,100.0,0.0,0.0,1.868326867872268,-0.013918607124894743
0.05,78.389000007583,240.17268485209996,180.0,100.0,0.0,0.0,1.9054176292330374,-0.016276306574816646
0.05,76.63796593285984,244.8555266603351,185.0,100.0,0.0,0.0,1.953763932375783,-0.017613140832079953
0.05,74.63602388542847,249.4364347390033,190.0,100.0,0.0,0.0,2.013777612927133,-0.017921839237130602
0.05,72.33789142990452,253.87580736078513,195.0,100.0,0.0,0.0,2.08492809322464,-0.01735440508375712
0.05,69.7754829884728,258.02985972507224,199.88204006671654,95.28160266866178,-94.36794662676448,-1887.3589325352896,2.163337054318932,-0.016180814652781216
0.05,67.03507315571167,261.7714888747297,204.52112020014962,90.28160266866176,-100.00000000000028,-112.64106746471612,2.2431138985880277,-0.014710194774070285
0.05,64.17225433496733,265.0969665913783,208.9102003335827,85.28160266866178,-99.99999999999972,1.1368683772161603E-11,2.319953933251636,-0.013155190441081674
0.05,61.24806573253176,268.02510306611396,213.0492804670158,80.28160266866176,-100.00000000000028,-1.1368683772161603E-11,2.390545632600481,-0.01163858695777051
0.05,58.323381278571716,270.5875757322115,216.93836060044887,75.28160266866178,-99.99999999999972,1.1368683772161603E-11,2.4528623450865905,-0.010219282876796944
0.05,55.45256192441974,272.82323438973015,220.57744073388196,70.28160266866178,-100.0,-5.6843418860808015E-12,2.5061071443337637,-0.008916992192097102
0.05,52.68055840066637,274.772588744236,223.96652086731504,65.28160266866176,-100.00000000000028,-5.6843418860808015E-12,2.550392179908309,-0.0077307625217773665
0.05,50.042646119808495,276.4738174666813,227.10560100074812,60.28160266866177,-99.99999999999986,8.526512829121202E-12,2.5863743343924432,-0.0066507482523319025
0.05,47.565562140787335,277.96051511636176,229.9946811341812,55.28160266866177,-100.0,-2.8421709430404007E-12,2.6149699934904227,-0.0056648748192255315
0.05,45.26910270529541,279.2607964971328,232.6337612676143,50.281602668661776,-99.99999999999986,2.8421709430404007E-12,2.6371749351179066,-0.0047622663077181845
0.05,43.16766997264645,280.3972603617409,235.02284140104737,45.28160266866177,-100.00000000000014,-5.6843418860808015E-12,2.6539683166070622,-0.00393483172818906
0.05,41.27157016124693,281.38741770476474,237.16192153448046,40.28160266866177,-100.0,2.8421709430404007E-12,2.6662700023806667,-0.003177862496825749
0.05,39.58803301829541,282.2443331784649,239.05100166791354,35.28160266866177,-100.0,0.0,2.674926192316349,-0.0024900935492094887
0.05,38.12199157484492,282.9773397796107,240.69008180134662,30.281602668661765,-100.00000000000007,-1.4210854715202004E-12,2.6807068483574703,-0.0018734358730422356
0.05,36.876678454119435,283.5927557051832,242.0791619347797,25.28160266866177,-99.99999999999993,2.8421709430404007E-12,2.684305370251686,-0.0013324598006158748
0.05,35.854089656663426,284.0945676767589,243.2182420682128,20.28160266866177,-100.0,-1.4210854715202004E-12,2.6863357695117935,-8.736585710055816E-4
0.05,35.05535340311044,284.4850594387444,244.10732220164587,15.28160266866177,-99.99999999999996,8.526512829121202E-13,2.687325765611164,-5.045238902922532E-4
0.05,34.48102698351709,284.7653674404487,244.74640233507895,10.281602668661769,-100.00000000000003,-1.4210854715202004E-12,2.6877063275908317,-2.3249897099887398E-4
0.05,34.13133180483405,284.93594478993947,245.13548246851204,5.281602668661769,-100.0,5.684341886080801E-13,2.687799505389408,-6.391949910440252E-5
0.05,34.00632757003278,284.9969138378428,245.27456260194512,0.281602668661769,-100.0,0.0,2.6878070305328188,-3.0874322810083763E-6
0.05,34.00000000000007,284.99999999999994,245.28160266866166,0.0,-5.6320533732353795,1887.3589325352923,2.6878070480712672,-4.994974636601361E-17
0.05,34.00000000000007,284.99999999999994,245.28160266866166,0.0,0.0,112.64106746470759,2.6878070480712672,-4.994974636601361E-17
false
Max velocity: 100.0
Max acceleration: 100.0
Max jerk: 5000.0
Waypoint 1: x: 105.0 y: 63.0 theta: 90.0
Waypoint 2: x: 89.0 y: 200.0 theta: 103.99999999999999
Waypoint 3: x: 34.0 y: 285.0 theta: 153.99999999999997
end
26.0