39
0.05,111.9999999533818,63.18750000000017,0.1875,7.5,150.0,3000.0,1.570797072433146,-8.967944544050199E-6
0.05,111.99999419640936,63.937499999968324,0.9375,22.5,300.0,3000.0,1.5708148667460882,-4.447350786168981E-5
0.05,111.99987376455246,65.62499999455598,2.625,45.0,450.0,3000.0,1.5709399075033856,-1.222109560397683E-4
0.05,111.99889513027179,68.4374997992847,5.4375,67.5,450.0,0.0,1.571399849844201,-2.4512362847284313E-4
0.05,111.99445874603272,72.3749970860228,9.375,90.0,450.0,0.0,1.5725388777495235,-4.031937722068088E-4
0.05,111.98032383340326,77.43747629442356,14.4375,112.5,450.0,0.0,1.5747748221004814,-5.825430719298653E-4
0.05,111.94460045438139,83.62486950351128,20.625,135.0,450.0,0.0,1.5785401168257647,-7.660429030768761E-4
0.05,111.86796081480252,90.93695804805472,27.9375,157.5,450.0,0.0,1.5842125433624958,-9.345576468265281E-4
0.05,111.72653934474806,99.18572571753415,36.1875,172.5,300.0,-3000.0,1.5918542555559374,-0.0010665048043225181
0.05,111.50111539032787,107.99531099190312,45.0,180.0,150.0,-3000.0,1.6010447447235532,-0.0011466195909553604
0.05,111.18412681070768,116.98968911924194,54.0,180.0,0.0,-3000.0,1.6110769434138543,-0.001172491765344852
0.05,110.77559747631608,125.98037276846091,63.0,180.0,0.0,0.0,1.6213359190946415,-0.0011510227722664034
0.05,110.27529717978,134.96641807354086,72.0,180.0,0.0,0.0,1.6314361877913934,-0.001090904596450492
0.05,109.68626501399805,143.94708721153933,81.0,180.0,0.0,0.0,1.6410375775731647,-9.999705371900047E-4
0.05,109.01438873359835,152.92194419763263,90.0,180.0,0.0,0.0,1.6498463172939672,-8.850806910416936E-4
0.05,108.26797626663027,161.89091629536637,99.0,180.0,0.0,0.0,1.6576156044389514,-7.521320367179316E-4
0.05,107.45732603643287,170.85431732150363,108.0,180.0,0.0,0.0,1.6641456123065743,-6.061501784680448E-4
0.05,106.5943021388414,179.81283345067135,117.0,180.0,0.0,0.0,1.6692830339013898,-4.514301428637274E-4
0.05,105.69191853205372,188.76747549854488,126.0,180.0,0.0,0.0,1.672920347076417,-2.9170346979639263E-4
0.05,104.76393386724627,197.71950404624306,135.0,180.0,0.0,0.0,1.674995017994769,-1.303169793415418E-4
0.05,103.82412820809844,206.67030075455168,144.0,180.0,0.0,0.0,1.6760761760215233,-0.0037683005725446124
0.05,102.80611312516935,215.61236554359152,153.0,180.0,0.0,0.0,1.6971931099929018,-0.019760629130208967
0.05,101.46984464596788,224.5116583691197,162.0,180.0,0.0,0.0,1.7471986934689911,-0.0266379486237039
0.05,99.5668104248538,233.3058191854604,171.0,180.0,0.0,0.0,1.8252273994693344,-0.026305997173206114
0.05,96.86879929280607,241.88759781598642,180.0,180.0,0.0,0.0,1.9296783695370585,-0.022483410523694135
0.05,93.20020113161226,250.09949851293732,189.0,180.0,0.0,0.0,2.054851813875385,-0.017828311243143893
0.05,88.49187447433874,257.76173038166036,198.0,180.0,0.0,0.0,2.1889899457356,-0.013583026257737038
0.05,82.87087739903441,264.6746659640339,206.91577679422625,176.63107176904973,-67.37856461900549,-1347.5712923801098,2.315769633714231,-0.01012387669606763
0.05,76.73941871935108,270.6420006023312,215.475607176905,165.76214353809948,-217.37856461900492,-2999.9999999999886,2.420278481219337,-0.0074484339261292895
0.05,70.66207098759571,275.5743356534112,223.3044911480362,147.3932153071492,-367.3785646190055,-3000.0000000000114,2.4960134441797313,-0.00541322584621132
0.05,65.12103378396607,279.5271767458501,230.11165191339364,124.8932153071492,-450.0,-1652.4287076198902,2.545292252715849,-0.003851817133930273
0.05,60.37067390199278,282.6446630819448,235.7938126787511,102.3932153071492,-450.0,0.0,2.5745665196966447,-0.002629246279471395
0.05,56.50626631478569,285.05995632720396,240.35097344410855,79.8932153071492,-450.0,0.0,2.5902425076347737,-0.0016645237184748413
0.05,53.57568013908391,286.84638898377494,243.783134209466,57.393215307149205,-450.0,0.0,2.597397685810661,-9.284024952182895E-4
0.05,51.60011956375399,288.0380887756286,246.09029497482345,34.893215307149205,-450.0,0.0,2.599905178604958,-4.213100305887482E-4
0.05,50.514814003437536,288.6906530706372,247.35667894595466,15.762143538099469,-382.6214353809947,1347.5712923801063,2.600474408529091,-1.3679115307756352E-4
0.05,50.08852545614644,288.94680846081775,247.8540093286334,4.1310717690497345,-232.62143538099468,3000.0,2.6005386236296983,-2.3613199969629857E-5
0.05,50.00000000000006,288.99999999999994,247.95728612285964,0.0,-82.62143538099468,3000.0,2.600540585471551,-1.2443986877089739E-17
0.05,50.00000000000006,288.99999999999994,247.95728612285964,0.0,0.0,1652.4287076198937,2.600540585471551,-1.2443986877089739E-17
false
Max velocity: 180.0
Max acceleration: 503.0
Max jerk: 5000.0
Waypoint 1: x: 112.0 y: 63.0 theta: 90.0
Waypoint 2: x: 104.0 y: 205.0 theta: 95.99999999999996
Waypoint 3: x: 50.0 y: 289.0 theta: 149.0
end
32.0
