14
0.05,27.12629788662195,197.7812426970951,0.2525983248976303,10.103932995905211,202.07865991810422,4041.5731983620844,5.235970316492652,1.3345955572962478E-4
0.05,27.631342490822092,196.90612867376515,1.2629916244881514,30.311798987715633,404.15731983620844,4041.5731983620844,5.235574233649324,6.162007115694388E-4
0.05,28.765115389573147,194.93563751998613,3.536376548566824,60.62359797543127,606.2359797543127,4041.5731983620844,5.233124906316417,0.0014258141516375127
0.05,30.639407895443952,191.64272093503138,7.325351422031279,90.9353969631469,606.2359797543127,0.0,5.226190545964999,0.002038412511453915
0.05,33.09980367168997,187.23039688914767,12.377317919983884,111.14326295495732,404.15731983620844,-4041.5731983620844,5.216238489422498,0.0017246728666744924
0.05,35.88538741552286,182.1319917070515,18.187079392629382,121.24719595086253,202.07865991810422,-4041.5731983620844,5.209954590371593,3.6392455435816246E-4
0.05,38.7123955742668,176.9339063938877,24.10418098739407,115.43686783972497,-116.2065622227513,-6365.70444281711,5.21260867158658,-0.001232763678618929
0.05,41.3096127339426,172.2292287181619,29.47816785170425,99.52260673268222,-318.28522214085496,-4041.573198362073,5.221754512434524,-0.002040754860467713
0.05,43.435620763732125,168.4620762113804,33.80384333576466,73.50441262973425,-520.3638820589595,-4041.57319836209,5.2304630573868005,-0.0017900004381408124
0.05,44.88628487965633,165.9308842545359,36.721268992558485,43.192613642018614,-606.2359797543127,-1717.441953907064,5.234764851812237,-0.0010050581039273989
0.05,45.65904528450632,164.5906079109528,38.26836290274496,18.691142765440535,-490.02941753156153,2324.1312444550226,5.235863447802363,-3.484287104896521E-4
0.05,45.94633003739195,164.0929593294415,38.842981594000165,4.293604884767661,-287.9507576134575,4041.573198362081,5.235984583122439,-5.735422066173231E-5
0.05,46.0,164.0,38.950321716119355,0.0,-85.87209769535322,4041.5731983620853,5.235987755982989,1.0122766856362241E-17
0.05,46.0,164.0,38.950321716119355,0.0,0.0,1717.4419539070643,5.235987755982989,1.0122766856362241E-17
true
Max velocity: 175.0
Max acceleration: 1000.0
Max jerk: 5000.0
Waypoint 1: x: 27.0 y: 198.0 theta: 120.00000000000001
Waypoint 2: x: 46.0 y: 164.0 theta: 120.00000000000001
end
10.0
