23
0.05,26.091572634593618,265.1586108243688,0.1831473205199684,7.325892820798736,146.5178564159747,2930.3571283194938,1.0472169733605075,-0.001269335634612464
0.05,26.36622831290904,265.634479215053,0.7325892820798736,14.651785641597472,146.5178564159747,0.0,1.0475126013038811,-0.005171921761853864
0.05,26.823394374470073,266.42793532313965,1.6483258846797155,21.977678462396206,146.51785641597465,-1.1368683772161603E-12,1.0488284994307677,-0.011920813999325576
0.05,27.46075663031358,267.5403073827922,2.9303571283194945,29.303571283194945,146.51785641597476,2.2737367544323206E-12,1.0525108397801637,-0.021616732063741113
0.05,28.271953922137165,268.97520182741323,4.57868301299921,36.629464103993676,146.51785641597462,-2.8421709430404007E-12,1.0606699684043421,-0.03383652780970472
0.05,29.242761634507094,270.7404621906585,6.593303538718862,43.95535692479241,146.5178564159747,1.7053025658242404E-12,1.0764280756629714,-0.047137401397196056
0.05,30.344973692077133,272.85079830573784,8.974218705478451,51.281249745591154,146.51785641597485,2.8421709430404007E-12,1.1042950994486138,-0.05884730120168376
0.05,31.52657637106867,275.33064139104073,11.721428513277978,58.60714256638989,146.5178564159747,-2.8421709430404007E-12,1.1507061236830405,-0.06570376040794848
0.05,32.69611196353894,278.2153755495969,14.83493296211744,65.93303538718862,146.5178564159747,0.0,1.224538695326197,-0.06543679331003067
0.05,33.70038304127639,281.5452084818362,18.31473205199684,73.25892820798735,146.51785641597456,-2.8421709430404007E-12,1.3364474058758207,-0.05824814244262726
0.05,34.28685910563165,285.104375659798,21.92513397755976,71.15714881452934,-42.03558786916034,-3771.068885702698,1.4829201705442445,-0.047486213897106846
0.05,34.32761617586307,288.47555476080066,25.299844097766258,63.83125599373059,-146.51785641597485,-2089.64537093629,1.6354316599157965,-0.0373245247242577
0.05,33.93252003344443,291.4556863274857,28.30825957693282,56.50536317293186,-146.5178564159747,2.8421709430404007E-12,1.7679275461683583,-0.029270403720678604
0.05,33.27930559793223,294.01458116122194,30.950380415059442,49.179470352133116,-146.51785641597485,-2.8421709430404007E-12,1.8708322759926885,-0.023135721927304474
0.05,32.52403921748987,296.16087456149467,33.22620661214613,41.85357753133439,-146.51785641597456,5.6843418860808015E-12,1.9450883117081894,-0.018453709163188753
0.05,31.779370383606228,297.9189955312604,35.13573816819288,34.52768471053565,-146.5178564159747,-2.8421709430404007E-12,1.9960516503610883,-0.014840042099184183
0.05,31.11848123019105,299.313478547189,36.678975083199695,27.201791889736914,-146.51785641597476,-1.1368683772161603E-12,2.029548162940107,-0.01205248405395138
0.05,30.585939649444455,300.3630222325097,37.855917357166575,19.87589906893818,-146.5178564159747,1.1368683772161603E-12,2.0504858400965786,-0.00996510893605246
0.05,30.207366129844377,301.07983716451537,38.66656499009352,12.550006248139441,-146.51785641597473,-5.684341886080801E-13,2.0625911329200335,-0.008529392657750387
0.05,29.99637927399329,301.4709043818381,39.11091798198052,5.224113427340706,-146.5178564159747,5.684341886080801E-13,2.06842265012338,-0.007738593859753402
0.05,29.933944612780945,301.5856171103645,39.24152081766404,0.0,-104.48226854681411,840.7117573832119,2.0700279549970197,-0.007505280779445385
0.05,29.933944612780945,301.5856171103645,39.24152081766404,0.0,0.0,2089.6453709362822,2.0700279549970197,-0.007505280779445385
0.05,29.933944612780945,301.5856171103645,39.24152081766404,0.0,0.0,0.0,2.0700279549970197,-0.007505280779445385
true
Max velocity: 150.0
Max acceleration: 160.0
Max jerk: 5000.0
Waypoint 1: x: 26.0 y: 265.0 theta: 239.99999999999997
Waypoint 2: x: 28.0 y: 305.0 theta: 120.00000000000001
end
33.0
