69
0.05,112.0,32.125,0.125,5.0,100.0,2000.0,1.5707963267948966,0.0
0.05,112.0,32.50000000000001,0.5,10.0,100.0,0.0,1.5707963267948966,0.0
0.05,112.0,33.125000000000036,1.125,15.0,100.0,0.0,1.5707963267948966,0.0
0.05,112.0,34.000000000000014,2.0,20.0,100.0,0.0,1.5707963267948966,0.0
0.05,112.0,35.12499999999967,3.125,25.0,100.0,0.0,1.5707963267948966,0.0
0.05,112.0,36.499999999999815,4.5,30.0,100.0,0.0,1.5707963267948966,0.0
0.05,112.0,38.12500000000045,6.125,35.0,100.0,0.0,1.5707963267948966,0.0
0.05,112.0,40.000000000000306,8.0,40.0,100.0,0.0,1.5707963267948966,0.0
0.05,112.0,42.12499999999818,10.125,45.0,100.0,0.0,1.5707963267948966,0.0
0.05,112.0,44.49999999999581,12.5,50.0,100.0,0.0,1.5707963267948966,0.0
0.05,112.0,47.12499999999318,15.125,55.00000000000001,100.00000000000014,2.8421709430404007E-12,1.5707963267948966,0.0
0.05,112.0,49.99999999999031,18.0,60.0,99.99999999999986,-5.6843418860808015E-12,1.5707963267948966,0.0
0.05,112.0,53.12499999998718,21.125,65.0,100.0,2.8421709430404007E-12,1.5707963267948966,0.0
0.05,112.0,56.4999999999838,24.5,70.0,100.0,0.0,1.5707963267948966,0.0
0.05,112.0,60.124999999980176,28.125,75.0,100.0,0.0,1.5707963267948966,0.0
0.05,112.0,63.99999999999018,32.0,80.0,100.0,0.0,1.5707963267948966,0.0
0.05,112.0,68.12500000000895,36.125,85.0,100.0,0.0,1.5707963267948966,0.0
0.05,112.0,72.50000000002886,40.5,90.0,100.0,0.0,1.5707963267948966,0.0
0.05,112.0,77.12500000004991,45.125,95.0,100.0,0.0,1.5707963267948966,0.0
0.05,112.0,82.0000000000721,50.0,100.0,100.0,0.0,1.5707963267948966,0.0
0.05,112.0,87.00000000009484,55.0,100.0,0.0,-2000.0,1.5707963267948966,0.0
0.05,111.9999474309336,91.99999999765674,60.0,100.0,0.0,0.0,1.5709535926049762,-4.783452699295031E-4
0.05,111.98910974236665,96.99998240745934,65.0,100.0,0.0,0.0,1.5761507978088407,-0.002597788615701116
0.05,111.93562817539734,101.99966780365673,70.0,100.0,0.0,0.0,1.5878172237956107,-0.004225797842241456
0.05,111.81000652287041,106.99802893838665,75.0,100.0,0.0,0.0,1.604831887355046,-0.005360982412236236
0.05,111.58821507948149,111.99301251304574,80.0,100.0,0.0,0.0,1.6261370916487723,-0.006047573323952957
0.05,111.25149927299013,116.98153562551038,85.0,100.0,0.0,0.0,1.6507069569741466,-0.006355015287219978
0.05,110.78629840539053,121.95969661355355,90.0,100.0,0.0,0.0,1.6775345899291565,-0.00636103812413757
0.05,110.18416826732438,126.92314221687081,95.0,100.0,0.0,0.0,1.7056362279671777,-0.006140052828937273
0.05,109.44161978699877,131.86752650104953,100.0,100.0,0.0,0.0,1.7340680798226313,-0.005756663237739688
0.05,108.55982013396817,136.78899053950826,105.0,100.0,0.0,0.0,1.7619497561503732,-0.005263106689520135
0.05,107.54414477359319,141.68459418037298,110.0,100.0,0.0,0.0,1.7884877118575293,-0.0046992438742547125
0.05,106.40360793133323,146.55264548285982,115.0,100.0,0.0,0.0,1.8129932235981667,-0.004093932009734069
0.05,105.1502249517016,151.39289662202074,120.0,100.0,0.0,0.0,1.8348917096870656,-0.003466958049146222
0.05,103.79836838840099,156.20660041813045,125.0,100.0,0.0,0.0,1.8537228378295094,-0.0028310297550667293
0.05,102.36417190919163,160.99644227445933,130.0,100.0,0.0,0.0,1.869133033988196,-0.002193566023331281
0.05,100.86501817975893,165.76637422296398,135.0,100.0,0.0,0.0,1.880863241779445,-0.0015581889174019242
0.05,99.31912574937907,170.52138073240144,140.0,100.0,0.0,0.0,1.8887350710636608,-9.259146299566448E-4
0.05,97.74523088435681,175.26720233111143,145.0,100.0,0.0,0.0,1.8926380953584152,-2.96089705048359E-4
0.05,96.16234590428166,180.0100363517823,150.0,100.0,0.0,0.0,1.8925203595257214,3.3285964791974516E-4
0.05,94.58956628442478,184.7562272499124,155.0,100.0,0.0,0.0,1.8883834035492566,9.627902149575214E-4
0.05,93.04589384287083,189.5119541214181,160.0,100.0,0.0,0.0,1.8802824151622106,0.0015952402602453072
0.05,91.55004186154753,194.28292138767242,165.0,100.0,0.0,0.0,1.8683314932319457,0.0022307877375198695
0.05,90.12018964667298,199.07406047407937,170.0,100.0,0.0,0.0,1.852713370777505,0.002868292084729555
0.05,88.77365920502093,203.88925529718915,175.0,100.0,0.0,0.0,1.8336922488463445,0.003503944859539226
0.05,87.52649628939972,208.73111128651368,180.0,100.0,0.0,0.0,1.8116276355349294,0.004130062139406769
0.05,86.39295275724709,213.6007943280562,185.0,100.0,0.0,0.0,1.786986396393432,0.004733574310783847
0.05,85.4051361084578,218.39259132471764,189.89269403765184,95.70776150607291,-85.84476987854174,-1716.8953975708348,1.7609378552789574,0.0052828236617271165
0.05,84.5835897177699,222.97986224784827,194.55308211295548,90.7077615060729,-100.00000000000028,-283.1046024291709,1.7349432008841261,0.005742810193894339
0.05,83.9174486143189,227.3395364505783,198.96347018825912,85.70776150607291,-99.99999999999972,1.1368683772161603E-11,1.7098698147621234,0.006091859741952082
0.05,83.3893642926866,231.46617636841134,203.12385826356277,80.7077615060729,-100.00000000000028,-1.1368683772161603E-11,1.686344608761922,0.006312298209629546
0.05,82.98060645339343,235.35506591432417,207.0342463388664,75.7077615060729,-100.0,5.6843418860808015E-12,1.664834207090386,0.0063908197463120675
0.05,82.67221960680445,239.00238370547453,210.69463441417005,70.70776150607291,-99.99999999999972,5.6843418860808015E-12,1.645647081820422,0.006320675731108483
0.05,82.44596677508365,242.4052186908692,214.1050224894737,65.7077615060729,-100.00000000000028,-1.1368683772161603E-11,1.628945981038144,0.006103214473603583
0.05,82.285032275047,245.56147999318134,217.26541056477734,60.70776150607291,-99.99999999999972,1.1368683772161603E-11,1.6147669086419647,0.005748470327470163
0.05,82.17448696615952,248.46975118997182,220.17579864008098,55.707761506072906,-100.00000000000014,-8.526512829121202E-12,1.6030411196980159,0.005274680944038259
0.05,82.10154065169786,251.1291291476764,222.83618671538463,50.7077615060729,-100.00000000000014,0.0,1.5936174890674801,0.004706827892245067
0.05,82.05561708867063,253.53907429924692,225.24657479068827,45.707761506072906,-99.99999999999986,5.6843418860808015E-12,1.5862836798397588,0.004074484900472234
0.05,82.0282897820513,255.6992868080012,227.40696286599191,40.707761506072906,-100.0,-2.8421709430404007E-12,1.5807854394802439,0.0034093662063883075
0.05,82.013114720764,257.6096133728631,229.31735094129556,35.707761506072906,-100.0,0.0,1.5768439427492127,0.0027429722905503075
0.05,82.0053922465137,259.26998299448195,230.9777390165992,30.707761506072906,-100.0,0.0,1.574171382599154,0.0021046448465161616
0.05,82.00188609554127,260.68036654428863,232.38812709190285,25.707761506072906,-100.0,0.0,1.5724850574766982,0.0015202057122946908
0.05,82.00052410126267,261.8407537750991,233.5485151672065,20.707761506072906,-100.0,0.0,1.5715201101002243,0.0010112107951963363
0.05,82.00010217920595,262.75114174391024,234.45890324251013,15.707761506072906,-100.0,0.0,1.5710409236512484,5.947349389625055E-4
0.05,82.00001074991556,263.4115298119,235.11929131781378,10.707761506072906,-100.0,0.0,1.570851039129733,2.835343912448955E-4
0.05,82.00000029894504,263.8219178870414,235.52967939311742,5.707761506072906,-100.0,0.0,1.5708013603554773,8.641027101511865E-5
0.05,82.00000000029368,263.9823059623477,235.69006746842106,0.7077615060729059,-100.0,0.0,1.5707963765766446,8.608966103631757E-6
0.05,81.99999999999999,264.0,235.7077615060729,0.0,-14.155230121458118,1716.8953975708375,1.5707963267948948,6.093427228227506E-17
0.05,81.99999999999999,264.0,235.7077615060729,0.0,0.0,283.10460242916236,1.5707963267948948,6.093427228227506E-17
false
Max velocity: 100.0
Max acceleration: 100.0
Max jerk: 5000.0
Waypoint 1: x: 112.0 y: 32.0 theta: 90.0
Waypoint 2: x: 112.0 y: 91.0 theta: 90.0
Waypoint 3: x: 82.0 y: 264.0 theta: -90.0
end
