36
0.05,112.0,63.1875,0.1875,7.5,150.0,3000.0,1.5707963267948966,0.0
0.05,112.0,63.937500000000014,0.9375,22.5,300.0,3000.0,1.5707963267948966,0.0
0.05,112.0,65.43750000000003,2.4375,37.5,300.0,0.0,1.5707963267948966,0.0
0.05,112.0,67.68749999999926,4.6875,52.5,300.0,0.0,1.5707963267948966,0.0
0.05,112.0,70.68749999999625,7.6875,67.5,300.0,0.0,1.5707963267948966,0.0
0.05,112.0,74.4374999999925,11.4375,82.5,300.0,0.0,1.5707963267948966,0.0
0.05,112.0,78.93749999999876,15.9375,97.5,300.0,0.0,1.5707963267948966,0.0
0.05,112.0,84.18750000002265,21.1875,112.5,300.0,0.0,1.5707963267948966,0.0
0.05,112.0,90.18750000004997,27.1875,127.5,300.0,0.0,1.5707963267948966,0.0
0.05,111.98967519505861,96.93748402706727,33.9375,142.5,300.0,0.0,1.57592292225279,-0.002388373820668379
0.05,111.88793075366074,104.43668060949014,41.4375,157.5,300.0,0.0,1.5948307556362535,-0.004471311269675807
0.05,111.56232330257559,112.6798854588485,49.6875,172.5,300.0,0.0,1.6273960880291258,-0.005624023881913704
0.05,110.87834416125035,121.46511148071167,58.5,180.0,150.0,-3000.0,1.6705970561047137,-0.005836540840541601
0.05,109.76965558309388,130.3957045620587,67.5,180.0,0.0,-3000.0,1.7181464690606865,-0.005352813033314959
0.05,108.24183109181915,139.26427471826125,76.5,180.0,0.0,0.0,1.763964285857748,-0.004481725533991921
0.05,106.33317647541456,148.05895054385533,85.5,180.0,0.0,0.0,1.8037414804439187,-0.003431732582293757
0.05,104.11447662509318,156.78082164373507,94.5,180.0,0.0,0.0,1.8343151813859562,-0.0023161747449856117
0.05,101.6777036283698,165.44451570091564,103.5,180.0,0.0,0.0,1.8536442685748515,-0.0011856851544884697
0.05,99.12663866225077,174.07537429982713,112.5,180.0,0.0,0.0,1.8606236556386948,-5.5607097145214444E-5
0.05,96.5701704344431,182.70464019386833,121.5,180.0,0.0,0.0,1.8548908022347677,0.0010743265812811116
0.05,94.11741019207761,191.36383897181304,130.5,180.0,0.0,0.0,1.8367420623580275,0.0022050729083053747
0.05,91.873454387357,200.0768229613364,139.49762948290405,179.90517931616137,-1.8964136767726814,-37.92827353545363,1.8072110494809517,0.0033233000536865547
0.05,89.9688699722312,208.67321941604817,148.30301793161615,172.31035863232276,-151.8964136767721,-2999.9999999999886,1.7691449689498353,0.004361827067780173
0.05,88.50971283333183,216.78292402023612,156.54353586323228,157.31035863232276,-300.0,-2962.0717264645577,1.7278248833088294,0.005197537603190657
0.05,87.48488456346041,224.20250788019607,164.0340537948484,142.31035863232276,-300.0,0.0,1.6881939757750786,0.005719663289884652
0.05,86.81341192227674,230.90915278717648,170.77457172646453,127.31035863232276,-300.0,0.0,1.6532997217698666,0.0058553450077073995
0.05,86.40635572880403,236.88562216742332,176.76508965808065,112.31035863232276,-300.0,0.0,1.6248608459764289,0.005578240467083197
0.05,86.181029022871,242.12119270506372,182.00560758969678,97.31035863232275,-300.0000000000003,-5.6843418860808015E-12,1.6033935034683906,0.004927896293803432
0.05,86.06949184750576,246.61028353820606,186.4961255213129,82.31035863232275,-300.0,5.6843418860808015E-12,1.5884904639517907,0.00400687957417445
0.05,86.02175139328637,250.35048311600548,190.23664345292903,67.31035863232276,-299.9999999999997,5.6843418860808015E-12,1.5791367735614537,0.0029571303308520047
0.05,86.00504444207681,253.34095107625404,193.22716138454516,52.31035863232275,-300.0000000000001,-7.958078640513122E-12,1.5740004280662434,0.0019277159593376332
0.05,86.00071958243016,255.58146432851933,195.46767931616128,37.31035863232275,-300.0,2.2737367544323206E-12,1.5716826185382085,0.001048005328719631
0.05,86.0000411867042,257.0719820699991,196.9581972477774,22.310358632322753,-300.0,0.0,1.5709291101575154,4.137008836245783E-4
0.05,86.00000032911062,257.8148705170917,197.7010856964895,7.405179316161377,-298.1035863232275,37.92827353545022,1.5708016571053292,8.36424310241285E-5
0.05,85.99999999999999,257.9999999999999,197.88621517939356,0.0,-148.10358632322752,2999.999999999999,1.5707963267948966,3.8935428215093556E-17
0.05,85.99999999999999,257.9999999999999,197.88621517939356,0.0,0.0,2962.07172646455,1.5707963267948966,3.8935428215093556E-17
false
Max velocity: 180.0
Max acceleration: 325.0
Max jerk: 5000.0
Waypoint 1: x: 112.0 y: 63.0 theta: 90.0
Waypoint 2: x: 112.0 y: 91.0 theta: 90.0
Waypoint 3: x: 86.0 y: 258.0 theta: 270.0
end
26.0
