31
0.05,23.000000403391518,15.26923076923337,0.2692307692307693,10.76923076923077,215.3846153846154,4307.692307692308,1.570791829355318,2.2160946083344473E-5
0.05,23.000025946038065,16.07692307637224,1.076923076923077,21.53846153846154,215.3846153846154,0.0,1.5707238895143933,8.952821652579205E-5
0.05,23.000297963577783,17.423076890022802,2.4230769230769234,32.30769230769231,215.38461538461533,-1.1368683772161603E-12,1.5704256324402681,2.047228548555317E-4
0.05,23.001692903111675,19.307691705568242,4.307692307692308,43.07692307692308,215.38461538461547,2.8421709430404007E-12,1.5696074835707803,3.720255905105306E-4
0.05,23.00654797688334,21.730763448753088,6.730769230769232,53.84615384615385,215.38461538461533,-2.8421709430404007E-12,1.5678410495126316,5.973128205969612E-4
0.05,23.019872718443843,24.692270585929954,9.692307692307693,64.61538461538461,215.38461538461533,0.0,1.5645384132248679,8.880952865456824E-4
0.05,23.051039605447322,28.192127219330466,13.192307692307693,75.38461538461539,215.38461538461547,2.8421709430404007E-12,1.5589282794206873,0.0012537731913582974
0.05,23.11603450665903,32.230052374884735,17.230769230769234,86.15384615384616,215.38461538461547,0.0,1.5500306801017514,0.0017062361738835713
0.05,23.240343576773782,36.80525275705594,21.80769230769231,96.92307692307692,215.3846153846152,-5.6843418860808015E-12,1.5366331486601066,0.002260941762790458
0.05,23.462521403716604,41.91573014452385,26.923076923076927,107.6923076923077,215.38461538461547,5.6843418860808015E-12,1.5172751491021674,0.0029385956730283713
0.05,23.838381389908875,47.55689668688558,32.57692307692308,118.46153846153847,215.38461538461547,0.0,1.4902572940461685,0.0037674978296083875
0.05,24.44547328337201,53.719026484669314,38.769230769230774,129.23076923076923,215.3846153846152,-5.6843418860808015E-12,1.4537122100744857,0.004786388388102908
0.05,25.38688317365412,60.38298411190951,45.50000000000001,140.0,215.38461538461547,5.6843418860808015E-12,1.405808317923022,0.006046869755501348
0.05,26.732287015908433,67.25146527273677,52.50000000000001,140.0,0.0,-4307.692307692309,1.3475892375646201,0.0075502594406732905
0.05,28.500022917557665,74.02329597410147,59.50000000000001,140.0,0.0,0.0,1.2823178233404857,0.00926232334069666
0.05,30.72239924186976,80.65964310791057,66.5,140.0,0.0,0.0,1.212488630306552,0.011162027223628381
0.05,33.37862651831723,87.05730038314098,73.42859238013982,137.1436952055925,-57.12609588814985,-1142.521917762997,1.1421375931394862,0.013138252788080514
0.05,36.310700900160796,92.95551191143845,80.01654637118867,126.37446443636173,-215.38461538461547,-3165.1703899293125,1.077403542952327,0.014918049488475527
0.05,39.32317653800937,98.20071177005092,86.06603882377598,115.60523366713096,-215.38461538461547,0.0,1.0224311754468094,0.01618384557102066
0.05,42.30222114401235,102.83662774302938,91.57706973790177,104.8360028979002,-215.3846153846152,5.6843418860808015E-12,0.9778412500186615,0.016689279646780648
0.05,45.153797547523816,106.91001464084349,96.549639113566,94.06677212866943,-215.38461538461547,-5.6843418860808015E-12,0.9431869965057113,0.01627801722835664
0.05,47.80504018229962,110.46404538035958,100.9837469507687,83.29754135943865,-215.38461538461547,0.0,0.9174069324943621,0.014942894363994437
0.05,50.202328183213936,113.53465579097558,104.87939324950987,72.52831059020788,-215.38461538461547,0.0,0.8991530890030975,0.012840268265365513
0.05,52.308091258093526,116.14929002393538,108.2365780097895,61.75907982097712,-215.3846153846152,5.6843418860808015E-12,0.8869901949847016,0.010251280393818304
0.05,54.097438771828664,118.32722457644121,111.05530123160759,50.989849051746354,-215.38461538461533,-2.8421709430404007E-12,0.8795084488955329,0.00750974411233569
0.05,55.555045300855035,120.08078358174949,113.33556291496413,40.22061828251558,-215.38461538461547,-2.8421709430404007E-12,0.8753932229467918,0.004930275385090039
0.05,56.67240817882988,121.41695984732947,115.07736305985914,29.45138751328481,-215.3846153846154,1.7053025658242404E-12,0.8734801677119427,0.0027622964543833205
0.05,57.445498719019994,122.33910667041114,116.28070166629261,18.682156744054044,-215.38461538461533,1.1368683772161603E-12,0.8728083723511686,0.0011762015031368442
0.05,57.87284211499579,122.84845835321003,116.94557873426454,7.912925974823275,-215.3846153846154,-1.1368683772161603E-12,0.8726722308409556,2.723811503108801E-4
0.05,57.99999999999998,123.00000000000001,117.14340188363512,0.0,-158.25851949646548,1142.521917762998,0.8726646259971651,-4.898626932050304E-17
0.05,57.99999999999998,123.00000000000001,117.14340188363512,0.0,0.0,3165.1703899293093,0.8726646259971651,-4.898626932050304E-17
true
Max velocity: 140.0
Max acceleration: 226.0
Max jerk: 5000.0
Waypoint 1: x: 23.0 y: 15.0 theta: 90.0
Waypoint 2: x: 58.0 y: 123.0 theta: 229.99999999999997
end
33.0
