70
0.05,112.0,63.125,0.125,5.0,100.0,2000.0,1.5707963267948966,0.0
0.05,112.0,63.500000000000014,0.5,10.0,100.0,0.0,1.5707963267948966,0.0
0.05,112.0,64.12499999999996,1.125,15.0,100.0,0.0,1.5707963267948966,0.0
0.05,112.0,64.99999999999986,2.0,20.0,100.0,0.0,1.5707963267948966,0.0
0.05,112.0,66.1250000000003,3.125,25.0,100.0,0.0,1.5707963267948966,0.0
0.05,112.0,67.49999999999945,4.5,30.0,100.0,0.0,1.5707963267948966,0.0
0.05,112.0,69.12499999999781,6.125,35.0,100.0,0.0,1.5707963267948966,0.0
0.05,112.0,70.99999999999594,8.0,40.0,100.0,0.0,1.5707963267948966,0.0
0.05,112.0,73.12499999999382,10.125,45.0,100.0,0.0,1.5707963267948966,0.0
0.05,112.0,75.49999999999145,12.5,50.0,100.0,0.0,1.5707963267948966,0.0
0.05,112.0,78.12499999999505,15.125,55.00000000000001,100.00000000000014,2.8421709430404007E-12,1.5707963267948966,0.0
0.05,112.0,81.00000000000814,18.0,60.0,99.99999999999986,-5.6843418860808015E-12,1.5707963267948966,0.0
0.05,112.0,84.12500000002237,21.125,65.0,100.0,2.8421709430404007E-12,1.5707963267948966,0.0
0.05,112.0,87.50000000003773,24.5,70.0,100.0,0.0,1.5707963267948966,0.0
0.05,111.99999966207842,91.1250000000716,28.125,75.0,100.0,0.0,1.5708044333921785,-4.8717506776033506E-4
0.05,111.98933664644248,94.99997462633726,32.0,80.0,100.0,0.0,1.5786970082266654,-0.013915148676413861
0.05,111.91371903102967,99.12418757573565,36.125,85.0,100.0,0.0,1.6019669978504634,-0.02362157712922131
0.05,111.6961344838605,103.49348642166983,40.5,90.0,100.0,0.0,1.6415612443681895,-0.02856365261964438
0.05,111.24406357592507,108.09571642792126,45.125,95.0,100.0,0.0,1.6982202525142776,-0.029171370131885234
0.05,110.45247337919714,112.9049045388947,50.0,100.0,100.0,0.0,1.771712037212107,-0.026766460497208384
0.05,109.24902581244083,117.75633215408159,55.0,100.0,0.0,-2000.0,1.8574921193154308,-0.022910573204339993
0.05,107.62090378476042,122.48202286549656,60.0,100.0,0.0,0.0,1.947898885086543,-0.01881210744509681
0.05,105.57482054085733,127.04242031683145,65.0,100.0,0.0,0.0,2.036311330810592,-0.015023646873755446
0.05,103.14924663333153,131.4131241131056,70.0,100.0,0.0,0.0,2.1168574837304717,-0.01172155758035376
0.05,100.40348161263809,135.590557578684,75.0,100.0,0.0,0.0,2.185477684710752,-0.008896418062037484
0.05,97.4050726026434,139.59097277284948,80.0,100.0,0.0,0.0,2.2400870352585174,-0.0064654458676498515
0.05,94.22068686539284,143.44536673557187,85.0,100.0,0.0,0.0,2.280054317287723,-0.004327690819360347
0.05,90.91192018397932,147.19379403344817,90.0,100.0,0.0,0.0,2.3055041152616615,-0.002385746143156468
0.05,87.53493289871514,150.88102687689462,95.0,100.0,0.0,0.0,2.316764521220892,-5.507802558730251E-4
0.05,84.14224928534378,154.55385626016036,100.0,100.0,0.0,0.0,2.314039580130631,0.0012596294087219208
0.05,80.78549479690032,158.25947460371495,105.0,100.0,0.0,0.0,2.2972766921281376,0.0031262823406280416
0.05,77.5183184640934,162.04411990358824,110.0,100.0,0.0,0.0,2.2661978620533354,0.005133614206644497
0.05,74.398873893728,165.9511274933372,115.0,100.0,0.0,0.0,2.2205032311664854,0.00737380188046372
0.05,71.49095220084632,170.0176280156412,120.0,100.0,0.0,0.0,2.1602856584289065,0.009946874644767324
0.05,68.86232726112294,174.26957113770897,125.0,100.0,0.0,0.0,2.086660242527606,0.012950660983658031
0.05,66.57867680867207,178.71593349846347,130.0,100.0,0.0,0.0,2.002447097996988,0.01644845679234559
0.05,64.69272093330889,183.34478575630618,135.0,100.0,0.0,0.0,1.9124845654222038,0.020394541434243952
0.05,63.23152703144802,188.12476809587673,140.0,100.0,0.0,0.0,1.8231035360246723,0.024492863623169013
0.05,62.18793600448791,193.01320143944017,145.0,100.0,0.0,0.0,1.7408190847010507,0.02797669420307896
0.05,61.520540139956836,197.9674332557462,150.0,100.0,0.0,0.0,1.6710340296344026,0.029363491840764516
0.05,61.16076663619837,202.9538738819278,155.0,100.0,0.0,0.0,1.6175807701580578,0.026422282629710726
0.05,61.021237718832595,207.95167868138833,160.0,100.0,0.0,0.0,1.5832306030860064,0.01686657296756217
0.05,61.000000019633255,212.9515990804648,165.0,100.0,0.0,0.0,1.5707975435081085,1.889458526858666E-4
0.05,60.98793117627217,217.95157403997928,170.0,100.0,0.0,0.0,1.577485513966671,-0.0014021285843239999
0.05,60.92626032907728,222.95116793597154,175.0,100.0,0.0,0.0,1.5884099813125878,-0.001136745580278867
0.05,60.824123983660414,227.95012117630532,180.0,100.0,0.0,0.0,1.5920400252567228,3.922757380699341E-4
0.05,60.74070120744218,232.94939201472616,185.0,100.0,0.0,0.0,1.5795541623671652,0.0029636431526434445
0.05,60.77786764641891,237.94896250759302,190.0,100.0,0.0,0.0,1.5421600019918917,0.006704086802772383
0.05,61.08439545544894,242.8984591706248,194.96010481677624,98.40419267104903,-31.91614657901937,-638.3229315803874,1.4682685636978783,0.012221480924609176
0.05,61.84542764178531,247.62976166742698,199.75531445032868,93.40419267104903,-100.0,-1361.6770684196126,1.3437118842796987,0.020906066062603763
0.05,63.24921360868467,251.94575508328035,204.30052408388113,88.40419267104902,-100.00000000000028,-5.6843418860808015E-12,1.156215145060136,0.036023666524168906
0.05,65.42198777772171,255.63850536738255,208.59573371743357,83.40419267104903,-99.99999999999972,1.1368683772161603E-11,0.9128925771829369,0.06581573052651359
0.05,68.27045467567349,258.4957869575911,212.64094335098602,78.40419267104902,-100.00000000000028,-1.1368683772161603E-11,0.6626849729103078,0.13201537477586675
0.05,71.48660475417626,260.49829235520747,216.43615298453847,73.40419267104903,-99.99999999999972,1.1368683772161603E-11,0.45889639871164467,0.30340656536335836
0.05,74.77258699431408,261.8206844954631,219.9813626180909,68.40419267104903,-100.0,-5.6843418860808015E-12,0.3135553663709103,0.9002287254152738
0.05,77.9547088784399,262.67129012226434,223.27657225164336,63.40419267104902,-100.00000000000028,-5.6843418860808015E-12,0.21387849087116795,5.515886309278139
0.05,80.95122662706788,263.21032619377286,226.3217818851958,58.404192671049024,-99.99999999999986,8.526512829121202E-12,0.14535845178333906,90.30075756209763
0.05,83.72591243380026,263.54624317824135,229.11699151874825,53.404192671049024,-100.0,-2.8421709430404007E-12,0.09773335615569534,3.105630559670992
0.05,86.26279162701175,263.7505395413188,231.6622011523007,48.404192671049024,-100.0,0.0,0.0644130721195817,1.0328050243765112
0.05,88.55481211167589,263.87050660847075,233.95741078585314,43.404192671049024,-100.0,0.0,0.04116382961273146,0.528100461927785
0.05,90.59889872826078,263.9376123465122,236.0026204194056,38.404192671049024,-100.0,0.0,0.025172297705242874,0.32048883077132695
0.05,92.39375590175345,263.97274955432493,237.79783005295803,33.404192671049024,-100.0,0.0,0.014479312449326764,0.20970230708613322
0.05,93.93887100000808,263.9895676513709,239.34303968651048,28.40419267104902,-100.00000000000007,-1.4210854715202004E-12,0.007649364443652051,0.14024523022442234
0.05,95.23406022398042,263.99667755395797,240.63824932006293,23.404192671049024,-99.99999999999993,2.8421709430404007E-12,0.0035804979592323205,0.09194819817662499
0.05,96.27926662105506,263.99919368577196,241.68345895361537,18.404192671049024,-100.0,-1.4210854715202004E-12,0.0013991600923122238,0.05648157778747169
0.05,97.07447593136028,263.9998736657028,242.47866858716782,13.404192671049026,-99.99999999999996,8.526512829121202E-13,4.083437318425087E-4,0.030408750382247905
0.05,97.61968554973494,263.99999118878407,243.02387822072026,8.404192671049024,-100.00000000000003,-1.4210854715202004E-12,6.941799627391276E-5,0.012570502328674626
0.05,97.9148951831989,263.99999990097257,243.3190878542727,3.4041926710490245,-100.0,5.684341886080801E-13,3.4897705156744507E-6,0.0028272646137738966
0.05,97.99999999999991,264.0,243.40419267104895,0.0,-68.08385342098049,638.3229315803902,8.881784197001252E-16,1.3570493934927317E-15
0.05,97.99999999999991,264.0,243.40419267104895,0.0,0.0,1361.6770684196097,8.881784197001252E-16,1.3570493934927317E-15
false
Max velocity: 100.0
Max acceleration: 100.0
Max jerk: 5000.0
Waypoint 1: x: 112.0 y: 63.0 theta: 90.0
Waypoint 2: x: 112.0 y: 91.0 theta: 90.0
Waypoint 3: x: 61.0 y: 213.0 theta: -90.0
Waypoint 4: x: 98.0 y: 264.0 theta: -0.0
end
32.0