75
0.05,112.0,32.125,0.125,5.0,100.0,2000.0,1.5707963267948966,0.0
0.05,112.0,32.50000000000001,0.5,10.0,100.0,0.0,1.5707963267948966,0.0
0.05,112.0,33.125000000000036,1.125,15.0,100.0,0.0,1.5707963267948966,0.0
0.05,112.0,34.000000000000014,2.0,20.0,100.0,0.0,1.5707963267948966,0.0
0.05,112.0,35.12499999999967,3.125,25.0,100.0,0.0,1.5707963267948966,0.0
0.05,112.0,36.499999999999815,4.5,30.0,100.0,0.0,1.5707963267948966,0.0
0.05,112.0,38.12500000000045,6.125,35.0,100.0,0.0,1.5707963267948966,0.0
0.05,112.0,40.000000000000306,8.0,40.0,100.0,0.0,1.5707963267948966,0.0
0.05,112.0,42.12499999999818,10.125,45.0,100.0,0.0,1.5707963267948966,0.0
0.05,112.0,44.49999999999581,12.5,50.0,100.0,0.0,1.5707963267948966,0.0
0.05,112.0,47.12499999999318,15.125,55.00000000000001,100.00000000000014,2.8421709430404007E-12,1.5707963267948966,0.0
0.05,112.0,49.99999999999031,18.0,60.0,99.99999999999986,-5.6843418860808015E-12,1.5707963267948966,0.0
0.05,112.0,53.12499999998718,21.125,65.0,100.0,2.8421709430404007E-12,1.5707963267948966,0.0
0.05,112.0,56.4999999999838,24.5,70.0,100.0,0.0,1.5707963267948966,0.0
0.05,112.0,60.124999999980176,28.125,75.0,100.0,0.0,1.5707963267948966,0.0
0.05,112.0,63.99999999999018,32.0,80.0,100.0,0.0,1.5707963267948966,0.0
0.05,112.0,68.12500000000895,36.125,85.0,100.0,0.0,1.5707963267948966,0.0
0.05,112.0,72.50000000002886,40.5,90.0,100.0,0.0,1.5707963267948966,0.0
0.05,112.0,77.12500000004991,45.125,95.0,100.0,0.0,1.5707963267948966,0.0
0.05,112.0,82.0000000000721,50.0,100.0,100.0,0.0,1.5707963267948966,0.0
0.05,112.0,87.00000000009484,55.0,100.0,0.0,-2000.0,1.5707963267948966,0.0
0.05,111.99989191383445,91.99999998968526,60.0,100.0,0.0,0.0,1.5711195518075924,-0.0017970771209877506
0.05,111.97769884238112,96.9999262819725,65.0,100.0,0.0,0.0,1.58175073132308,-0.009408996826014912
0.05,111.86832365356867,101.99861027310637,70.0,100.0,0.0,0.0,1.6056196255691786,-0.014362879091303168
0.05,111.61104525185208,106.99173018742964,75.0,100.0,0.0,0.0,1.6406263112222443,-0.016779238333673778
0.05,111.15559840355392,111.9705354392477,80.0,100.0,0.0,0.0,1.6847590968274853,-0.01722851231403209
0.05,110.46284209194887,116.92176240374363,85.0,100.0,0.0,0.0,1.7358149614998237,-0.016381492039556533
0.05,109.50641568014298,121.82878073328254,90.0,100.0,0.0,0.0,1.7912805459531023,-0.014808510973705164
0.05,108.27430195664395,126.67389056752141,95.0,100.0,0.0,0.0,1.8483951890147647,-0.012914469540776331
0.05,106.76925313204981,131.44131033398594,100.0,100.0,0.0,0.0,1.9043693713313272,-0.010950099746475251
0.05,105.0075095313974,136.1200445220009,105.0,100.0,0.0,0.0,1.9566674741791323,-0.009050514277879076
0.05,103.01600073985483,140.70582345523238,110.0,100.0,0.0,0.0,2.0032382291612496,-0.0072748389814319666
0.05,100.82882455224038,145.20171329673272,115.0,100.0,0.0,0.0,2.0426163313291346,-0.005637198946823597
0.05,98.48392010451707,149.61752374487514,120.0,100.0,0.0,0.0,2.0738919992787546,-0.00412773554749354
0.05,96.02054471067406,153.96846671169794,125.0,100.0,0.0,0.0,2.096598474754821,-0.002725551614537983
0.05,93.4777291029161,158.27354267135877,130.0,100.0,0.0,0.0,2.1105784962361525,-0.0014061471882968464
0.05,90.89356471886236,162.55396712539854,135.0,100.0,0.0,0.0,2.1158737370956824,-1.455792371632515E-4
0.05,88.30503015772479,166.8317544957436,140.0,100.0,0.0,0.0,2.112658733755377,0.0010769696716874217
0.05,85.74803710402144,171.1284406127246,145.0,100.0,0.0,0.0,2.1012250155531977,0.0022769729155114357
0.05,83.25739752762904,175.46386939224158,150.0,100.0,0.0,0.0,2.0820126580542486,0.003461703916981841
0.05,80.86644602544504,179.8549857790697,155.0,100.0,0.0,0.0,2.0556808825326507,0.004625853182788377
0.05,78.60609660206664,184.3146515472868,160.0,100.0,0.0,0.0,2.023202193677438,0.005744796168985987
0.05,76.50320250463852,188.85061240169227,165.0,100.0,0.0,0.0,1.9859546544620703,0.006764969965525216
0.05,74.57825167128017,193.46485071064347,170.0,100.0,0.0,0.0,1.9457785426653422,0.007591731283602954
0.05,72.84265688918936,198.15358543336848,175.0,100.0,0.0,0.0,1.9049665361572958,0.008077226634653824
0.05,71.29609784615984,202.9080583561965,180.0,100.0,0.0,0.0,1.8661794715917488,0.008014775454373431
0.05,69.9243962654939,207.71597241927122,185.0,100.0,0.0,0.0,1.8323187617581267,0.0071517603171088896
0.05,68.69816601820271,212.5631317210886,190.0,100.0,0.0,0.0,1.8064207152422092,0.005237158037089819
0.05,67.57205876694805,217.43462208728906,195.0,100.0,0.0,0.0,1.7916430478217602,0.0021151820769105805
0.05,66.48710232471497,222.3154874910463,200.0,100.0,0.0,0.0,1.7874261039845205,0.0013674520840549148
0.05,65.44810551729722,227.20627724902465,205.0,100.0,0.0,0.0,1.7697405789115295,0.004223437076366393
0.05,64.54367473176295,232.12349444591595,210.0,100.0,0.0,0.0,1.7319283179810627,0.007353515098106208
0.05,63.887486318106404,237.07938505928928,215.0,100.0,0.0,0.0,1.6677246858228032,0.011239375064763893
0.05,63.64144745089487,242.05445622943998,219.9833496820044,99.33398728017553,-13.320254396489304,-266.4050879297861,1.5646308088066785,0.016707717050920896
0.05,64.02687530478302,246.87567295734559,224.82504904601316,94.33398728017555,-99.99999999999972,-1733.5949120702082,1.4053661732007625,0.02528860773022235
0.05,65.26210513587736,251.2876612021458,229.41674841002194,89.33398728017553,-100.00000000000028,-1.1368683772161603E-11,1.1762290821974641,0.04026120963099211
0.05,67.45778438839599,255.0164031208605,233.7584477740307,84.33398728017553,-100.0,5.6843418860808015E-12,0.8940724743434862,0.06934354201218379
0.05,70.4218803582716,257.8192220372698,237.8501471380395,79.33398728017555,-99.99999999999972,5.6843418860808015E-12,0.6266352316622326,0.13055759959791666
0.05,73.74827584230721,259.7280895693982,241.69184650204826,74.33398728017553,-100.00000000000028,-1.1368683772161603E-11,0.4251388892572237,0.2727416478918443
0.05,77.11616206021675,260.9680271876251,245.28354586605704,69.33398728017555,-99.99999999999972,1.1368683772161603E-11,0.28794346895655065,0.6749097378682313
0.05,80.36137866045283,261.76026299410233,248.62524523006581,64.33398728017553,-100.00000000000028,-1.1368683772161603E-11,0.19579678044545423,2.445169911769807
0.05,83.4116680427211,262.2614625989002,251.7169445940746,59.333987280175535,-100.0,5.6843418860808015E-12,0.1329768831147744,44.0394485108816
0.05,86.23589874527966,262.5740370104773,254.55864395808337,54.33398728017554,-99.99999999999986,2.8421709430404007E-12,0.0894527844637859,13.374904184757263
0.05,88.82048468631213,262.7645723017867,257.15034332209217,49.33398728017554,-100.0,-2.8421709430404007E-12,0.05904059952342022,2.347981623004874
0.05,91.159445362802,262.87688131818027,259.49204268610094,44.33398728017554,-100.0,0.0,0.03783016929796257,0.9905182269962338
0.05,93.25017168201987,262.94006372211385,261.5837420501097,39.33398728017554,-100.0,0.0,0.02323665983667267,0.5496694470763085
0.05,95.09156140783588,262.9734314530402,263.4254414141185,34.33398728017554,-100.0,0.0,0.013462951094599163,0.34281067057379594
0.05,96.6831759402327,262.9896098833375,265.01714077812727,29.333987280175545,-99.99999999999993,1.4210854715202004E-12,0.007195432905907628,0.22344814927543102
0.05,98.02485638053636,262.9965848317986,266.35884014213605,24.333987280175542,-100.00000000000007,-2.8421709430404007E-12,0.003431289279958505,0.1449548391982433
0.05,99.11655258696521,262.99912962346355,267.4505395061448,19.333987280175542,-100.0,1.4210854715202004E-12,0.0013823224953082303,0.08928285888449726
0.05,99.95825160874776,262.9998520985118,268.2922388701536,14.333987280175542,-100.0,0.0,4.2512105586778315E-4,0.04897220598987064
0.05,100.5499509542135,262.9999880345594,268.8839382341624,9.333987280175542,-100.0,0.0,7.968931854795969E-5,0.02117167529084775
0.05,100.89165031797859,262.9999998326814,269.22563759817115,4.333987280175542,-100.0,0.0,4.631683990008462E-6,0.005111856991923267
0.05,100.99999999999994,263.00000000000006,269.33398728017556,0.0,-86.67974560351084,266.40508792978324,2.3314683517128287E-15,-4.753399320247184E-15
0.05,100.99999999999994,263.00000000000006,269.33398728017556,0.0,0.0,1733.5949120702167,2.3314683517128287E-15,-4.753399320247184E-15
false
Max velocity: 100.0
Max acceleration: 100.0
Max jerk: 5000.0
Waypoint 1: x: 112.0 y: 32.0 theta: 90.0
Waypoint 2: x: 112.0 y: 91.0 theta: 90.0
Waypoint 3: x: 67.0 y: 220.0 theta: -77.47119229084849
Waypoint 4: x: 101.0 y: 263.0 theta: -0.0
end
