37
0.05,23.0000003539938,15.203125000002755,0.203125,8.125,162.5,3250.0,1.570791101801099,3.9515032550340506E-5
0.05,23.000043923239886,16.015624998305324,1.015625,24.375,325.0,3250.0,1.5706669839470968,1.9470091787498033E-4
0.05,23.000948302467553,17.843749717053317,2.84375,48.75,487.5,3250.0,1.5698045434539465,5.278131341829076E-4
0.05,23.008198248125293,20.89061485299046,5.890625,73.125,487.5,0.0,1.5666956874022595,0.0010376759213647435
0.05,23.040415335189827,25.15610821370734,10.15625,97.5,487.5,0.0,1.5592274514951614,0.0016672060462203527
0.05,23.1403519161524,30.639527249821036,15.640625,121.875,487.5,0.0,1.545171101354201,0.002350248989118444
0.05,23.384332423648676,37.3380703216594,22.34375,146.25,487.5,0.0,1.5228121343791161,0.0030120004794527092
0.05,23.88503109101502,45.24378437472603,30.265625,170.625,487.5,0.0,1.4916706184327386,0.0035599949856483463
0.05,24.758240706382175,54.13799443143835,39.203125,186.875,325.0,-3250.0,1.4540798455754627,0.003866467930392381
0.05,26.056334552432663,63.595599845660374,48.75,195.0,162.5,-3250.0,1.41527681820989,0.003808003512661992
0.05,27.737194218646543,73.19913233199868,58.5,195.0,0.0,-3250.0,1.3809339986689797,0.0033332791477538163
0.05,29.709902133635502,82.74719207890395,68.25,195.0,0.0,0.0,1.3546863062090315,0.002490461059142121
0.05,31.887798124647528,92.25072036554373,78.0,195.0,0.0,0.0,1.3380020035707902,0.0014051014196755506
0.05,34.177248785655735,101.72808976601083,87.75,195.0,0.0,0.0,1.331127166662694,2.6476049066522563E-4
0.05,36.48842395037652,111.20020284543483,97.5,195.0,0.0,0.0,1.3331781963782496,-7.20677391192868E-4
0.05,38.745260962076266,120.68537734203636,107.25,195.0,0.0,0.0,1.342165657834376,-0.0013657510081555649
0.05,40.89573503246952,130.1951959939167,117.0,195.0,0.0,0.0,1.354952888856776,-0.001537151118851265
0.05,42.92306368739597,139.7320314446197,126.75,195.0,0.0,0.0,1.3672029856820254,-0.0011466068016615426
0.05,44.857623657201344,149.2881632250416,136.5,195.0,0.0,0.0,1.3733644719029172,-1.0703848531793677E-4
0.05,46.75518112229009,158.85171760256895,146.25,195.0,0.0,0.0,1.378243118565772,-0.0012886976349142465
0.05,48.55893272955265,168.43333227348393,156.0,195.0,0.0,0.0,1.3925499765252491,-0.0022459430358701647
0.05,50.19081226771013,178.0456126638769,165.75,195.0,0.0,0.0,1.4136201403337745,-0.002779766889743883
0.05,51.597397139428324,187.69335475472406,175.5,195.0,0.0,0.0,1.4389303221736027,-0.0029628577465822792
0.05,52.74834110420199,197.3748807283499,185.25,195.0,0.0,0.0,1.4661457933192605,-0.002880730083420191
0.05,53.63482707332513,207.08419859943677,195.0,195.0,0.0,0.0,1.4931475188632313,-0.0026116984123319624
0.05,54.25811039820748,216.635484505187,204.57184097047525,187.87363881901004,-142.5272236197992,-2850.544472395984,1.5176528789008714,-0.0022259840552960705
0.05,54.644426482976826,225.639449316919,213.584238881901,172.6222776380201,-305.02722361979863,-3249.9999999999886,1.537580132679524,-0.001791071121832177
0.05,54.851439775476855,233.68342133084204,221.63094373427725,149.24591645703018,-467.52722361979863,-3250.0,1.551962729166934,-0.0013638438118245499
0.05,54.94706809732644,240.5356502792132,228.48386455712875,124.87091645703018,-487.5,-399.45552760402734,1.5612368204886378,-9.7950768552855E-4
0.05,54.98480579482019,246.16968792012534,234.11803537998026,100.49591645703018,-487.5,0.0,1.5666087624890364,-6.524453402814691E-4
0.05,54.99682422295864,250.58509103256762,238.53345620283176,76.12091645703018,-487.5,0.0,1.569315069391406,-3.900562765700518E-4
0.05,54.99959749450088,253.78176048813754,241.73012702568326,51.74591645703018,-487.5,0.0,1.5704215688636287,-1.9697143564799697E-4
0.05,54.999976908491966,255.75968126610803,243.70804784853476,27.370916457030173,-487.50000000000006,-1.1368683772161603E-12,1.5707404989574762,-7.621906753042736E-5
0.05,54.99999966305793,256.69701111809877,244.645377700911,10.122277638020117,-344.9727763802011,2850.5444723959795,1.5707929909567315,-1.865441710161246E-5
0.05,54.99999999981145,256.9750340295247,244.92340061233676,0.998638819010058,-182.47277638020117,3249.999999999998,1.5707963041373674,-1.5379699730158346E-6
0.05,55.00000000000001,256.9999999999999,244.948366582812,0.0,-19.97277638020116,3250.0,1.5707963267948966,-5.803447754097002E-18
0.05,55.00000000000001,256.9999999999999,244.948366582812,0.0,0.0,399.4555276040232,1.5707963267948966,-5.803447754097002E-18
true
Max velocity: 195.0
Max acceleration: 503.0
Max jerk: 5000.0
Waypoint 1: x: 23.0 y: 15.0 theta: 90.0
Waypoint 2: x: 45.0 y: 150.0 theta: 78.69006752597979
Waypoint 3: x: 55.0 y: 257.0 theta: 90.0
end
70.0
