43
0.05,300.9999994907153,15.187500000010068,0.1875,7.5,150.0,3000.0,1.5708044708621374,-1.612636118996936E-4
0.05,300.99993675746657,15.937499996227203,0.9375,22.5,300.0,3000.0,1.5709981490042635,-7.952423354292287E-4
0.05,300.9989028740295,17.437499557776864,2.4375,37.5,300.0,0.0,1.572137135469214,-0.002006563160574064
0.05,300.992346690798,19.687488854167988,4.6875,52.5,300.0,0.0,1.575629168948225,-0.003668728279999514
0.05,300.96708793599987,22.687375004817017,7.6875,67.5,300.0,0.0,1.5833638792877094,-0.005571174943151284
0.05,300.89494979548635,26.43664983680855,11.4375,82.5,300.0,0.0,1.5974808559357492,-0.007425410370810116
0.05,300.7261879270412,30.933388095720865,15.9375,97.5,300.0,0.0,1.6200844015622633,-0.008910551268266934
0.05,300.38428434716485,36.17200683883267,21.1875,112.5,300.0,0.0,1.6528762067754557,-0.009755793103592883
0.05,299.7643718614981,42.13941379905508,27.1875,127.5,300.0,0.0,1.6966542621369902,-0.009824608383617144
0.05,298.7384531484644,48.810162327623395,33.9375,142.5,300.0,0.0,1.7506700396816464,-0.009150895261733993
0.05,297.1706383200636,56.143256957286404,41.4375,157.5,300.0,0.0,1.8120035263524887,-0.00790316557244073
0.05,294.9429135073282,64.08535499843121,49.6875,172.5,300.0,0.0,1.875342984954906,-0.0063005117366009816
0.05,292.05252583469,72.40909360404194,58.5,180.0,150.0,-3000.0,1.9324724413882215,-0.0045660336257175695
0.05,288.67671762081653,80.75124437852719,67.5,180.0,0.0,-3000.0,1.9753065228276285,-0.0028704258443429573
0.05,285.019587271582,88.97445577047264,76.5,180.0,0.0,0.0,2.000094467876777,-0.0012564068411902041
0.05,281.2368738644852,97.14090015885056,85.5,180.0,0.0,0.0,2.005848097761669,3.1510002439861726E-4
0.05,277.4857858471949,105.32185805834716,94.5,180.0,0.0,0.0,1.992381481563468,0.0018976229783262736
0.05,273.9232795727638,113.5863297165095,103.5,180.0,0.0,0.0,1.9601556309349693,0.0035413496735452635
0.05,270.7031675204779,121.98955900703612,112.5,180.0,0.0,0.0,1.910634379214902,0.005272308553980639
0.05,267.9666148542192,130.56183179976125,121.5,180.0,0.0,0.0,1.8470071446274186,0.0070524685776344395
0.05,265.8230208872794,139.30080924803633,130.5,180.0,0.0,0.0,1.7748435595575736,0.008703137092448148
0.05,264.3244815819842,148.17315073454068,139.5,180.0,0.0,0.0,1.7020288599983202,0.009785480049321841
0.05,263.44422348012887,157.12843293477542,148.5,180.0,0.0,0.0,1.6377174798145973,0.009489740204080867
0.05,263.0686099859452,166.11976613308545,157.5,180.0,0.0,0.0,1.591057292805325,0.006726126567483773
0.05,263.00005244799104,175.1193451778247,166.5,180.0,0.0,0.0,1.5709745342516839,7.478270030358181E-4
0.05,263.0,184.1193451750576,175.5,180.0,0.0,0.0,1.5707963267948966,0.0
0.05,263.0,193.11934517505208,184.5,180.0,0.0,0.0,1.5707963267948966,0.0
0.05,263.0,202.11934517504307,193.5,180.0,0.0,0.0,1.5707963267948966,0.0
0.05,263.0,210.9397754838838,202.32043030884958,172.81721235398325,-143.65575292033498,-2873.1150584066995,1.5707963267948966,0.0
0.05,263.0,219.21356641042826,210.59422123539832,158.1344247079665,-293.655752920335,-3000.0,1.5707963267948966,0.0
0.05,263.0,226.74528764586086,218.12594247079664,143.1344247079665,-300.0,-126.88494159330048,1.5707963267948966,0.0
0.05,263.0,233.52700888129004,224.90766370619497,128.1344247079665,-300.0,0.0,1.5707963267948966,0.0
0.05,263.0,239.55873011671582,230.9393849415933,113.13442470796649,-300.0000000000003,-5.6843418860808015E-12,1.5707963267948966,0.0
0.05,263.0,244.8404513521382,236.2211061769916,98.1344247079665,-299.9999999999997,1.1368683772161603E-11,1.5707963267948966,0.0
0.05,263.0,249.37217258755712,240.75282741238993,83.1344247079665,-300.0,-5.6843418860808015E-12,1.5707963267948966,0.0
0.05,263.0,253.15389382297263,244.53454864778826,68.1344247079665,-300.0,0.0,1.5707963267948966,0.0
0.05,263.0,256.18561505838477,247.56626988318658,53.134424707966495,-300.0000000000001,-2.2737367544323206E-12,1.5707963267948966,0.0
0.05,263.0,258.4673362937935,249.8479911185849,38.1344247079665,-299.99999999999983,5.6843418860808015E-12,1.5707963267948966,0.0
0.05,263.0,259.9990575291988,251.37971235398322,23.1344247079665,-300.00000000000006,-4.547473508864641E-12,1.5707963267948966,0.0
0.05,263.0,260.78077876460065,252.16143358938155,8.134424707966499,-300.0,1.1368683772161603E-12,1.5707963267948966,0.0
0.05,263.0,260.99206969115033,252.3727245159303,0.31721235398324943,-156.34424707966497,2873.1150584067004,1.5707963267948966,0.0
0.05,263.0,261.0,252.38065482477987,0.0,-6.344247079664989,2999.999999999999,1.5707963267948966,0.0
0.05,263.0,261.0,252.38065482477987,0.0,0.0,126.88494159329977,1.5707963267948966,0.0
true
Max velocity: 180.0
Max acceleration: 300.0
Max jerk: 5000.0
Waypoint 1: x: 301.0 y: 15.0 theta: 90.0
Waypoint 2: x: 263.0 y: 176.0 theta: 90.0
Waypoint 3: x: 263.0 y: 261.0 theta: 90.0
end
70.0
