69
0.05,212.0,32.125,0.125,5.0,100.0,2000.0,1.5707963267948966,0.0
0.05,212.0,32.50000000000001,0.5,10.0,100.0,0.0,1.5707963267948966,0.0
0.05,212.0,33.125000000000036,1.125,15.0,100.0,0.0,1.5707963267948966,0.0
0.05,212.0,34.000000000000014,2.0,20.0,100.0,0.0,1.5707963267948966,0.0
0.05,212.0,35.12499999999967,3.125,25.0,100.0,0.0,1.5707963267948966,0.0
0.05,212.0,36.499999999999815,4.5,30.0,100.0,0.0,1.5707963267948966,0.0
0.05,212.0,38.12500000000045,6.125,35.0,100.0,0.0,1.5707963267948966,0.0
0.05,212.0,40.000000000000306,8.0,40.0,100.0,0.0,1.5707963267948966,0.0
0.05,212.0,42.12499999999818,10.125,45.0,100.0,0.0,1.5707963267948966,0.0
0.05,212.0,44.49999999999581,12.5,50.0,100.0,0.0,1.5707963267948966,0.0
0.05,212.0,47.12499999999318,15.125,55.00000000000001,100.00000000000014,2.8421709430404007E-12,1.5707963267948966,0.0
0.05,212.0,49.99999999999031,18.0,60.0,99.99999999999986,-5.6843418860808015E-12,1.5707963267948966,0.0
0.05,212.0,53.12499999998718,21.125,65.0,100.0,2.8421709430404007E-12,1.5707963267948966,0.0
0.05,212.0,56.4999999999838,24.5,70.0,100.0,0.0,1.5707963267948966,0.0
0.05,212.0,60.124999999980176,28.125,75.0,100.0,0.0,1.5707963267948966,0.0
0.05,212.0,63.99999999999018,32.0,80.0,100.0,0.0,1.5707963267948966,0.0
0.05,212.0,68.12500000000895,36.125,85.0,100.0,0.0,1.5707963267948966,0.0
0.05,212.0,72.50000000002886,40.5,90.0,100.0,0.0,1.5707963267948966,0.0
0.05,212.0,77.12500000004991,45.125,95.0,100.0,0.0,1.5707963267948966,0.0
0.05,212.0,82.0000000000721,50.0,100.0,100.0,0.0,1.5707963267948966,0.0
0.05,212.0,87.00000000009484,55.0,100.0,0.0,-2000.0,1.5707963267948966,0.0
0.05,212.00005256906638,91.99999999765674,60.0,100.0,0.0,0.0,1.5706390609848169,2.3752624632028766E-4
0.05,212.01089025763335,96.99998240745934,65.0,100.0,0.0,0.0,1.5654418557809524,0.0013186925968369397
0.05,212.06437182460266,101.99966780365673,70.0,100.0,0.0,0.0,1.5537754297941824,0.002253237026088268
0.05,212.18999347712958,106.99802893838665,75.0,100.0,0.0,0.0,1.536760766234747,0.0030691033622314273
0.05,212.41178492051853,111.99301251304574,80.0,100.0,0.0,0.0,1.5154555619410208,0.003780851663827483
0.05,212.74850072700988,116.98153562551038,85.0,100.0,0.0,0.0,1.4908856966156467,0.0043929248216897695
0.05,213.2137015946095,121.95969661355355,90.0,100.0,0.0,0.0,1.4640580636606366,0.004901782142862256
0.05,213.81583173267563,126.92314221687081,95.0,100.0,0.0,0.0,1.4359564256226156,0.0052975668311279365
0.05,214.55838021300124,131.86752650104953,100.0,100.0,0.0,0.0,1.4075245737671622,0.005565750625645587
0.05,215.44017986603183,136.78899053950826,105.0,100.0,0.0,0.0,1.3796428974394201,0.0056890499329843355
0.05,216.4558552264068,141.68459418037298,110.0,100.0,0.0,0.0,1.3531049417322643,0.005649773824770461
0.05,217.59639206866677,146.55264548285982,115.0,100.0,0.0,0.0,1.3285994299916268,0.00543261576285057
0.05,218.8497750482984,151.39289662202074,120.0,100.0,0.0,0.0,1.306700943902728,0.005027731359424285
0.05,220.201631611599,156.20660041813045,125.0,100.0,0.0,0.0,1.2878698157602841,0.0044337696202017204
0.05,221.63582809080836,160.99644227445933,130.0,100.0,0.0,0.0,1.2724596196015976,0.0036603820935369527
0.05,223.13498182024105,165.76637422296398,135.0,100.0,0.0,0.0,1.2607294118103485,0.0027296746008150462
0.05,224.68087425062092,170.52138073240144,140.0,100.0,0.0,0.0,1.2528575825261328,0.0016761380665244116
0.05,226.25476911564317,175.26720233111143,145.0,100.0,0.0,0.0,1.2489545582313784,5.448180699874029E-4
0.05,227.83765409571834,180.0100363517823,150.0,100.0,0.0,0.0,1.2490722940640717,-6.121745135412255E-4
0.05,229.41043371557524,184.7562272499124,155.0,100.0,0.0,0.0,1.2532092500405372,-0.0017403338847349294
0.05,230.95410615712916,189.5119541214181,160.0,100.0,0.0,0.0,1.2613102384275823,-0.002787841872691165
0.05,232.44995813845247,194.28292138767242,165.0,100.0,0.0,0.0,1.2732611603578479,-0.0037101883321058833
0.05,233.879810353327,199.07406047407937,170.0,100.0,0.0,0.0,1.2888792828122881,-0.004473573211207723
0.05,235.22634079497905,203.88925529718915,175.0,100.0,0.0,0.0,1.307900404743449,-0.005056633178531604
0.05,236.47350371060026,208.73111128651368,180.0,100.0,0.0,0.0,1.3299650180548641,-0.005450412437887313
0.05,237.60704724275288,213.6007943280562,185.0,100.0,0.0,0.0,1.3546062571963615,-0.005656835027582239
0.05,238.5948638915422,218.39259132471764,189.89269403765184,95.70776150607291,-85.84476987854174,-1716.8953975708348,1.3806547983108357,-0.00568727949252868
0.05,239.41641028223006,222.9798622478483,194.55308211295548,90.7077615060729,-100.00000000000028,-283.1046024291709,1.4066494527056665,-0.0055718294916640675
0.05,240.08255138568106,227.3395364505783,198.96347018825912,85.70776150607291,-99.99999999999972,1.1368683772161603E-11,1.4317228388276693,-0.005345970301231323
0.05,240.6106357073134,231.46617636841134,203.12385826356277,80.7077615060729,-100.00000000000028,-1.1368683772161603E-11,1.4552480448278706,-0.005040008149769449
0.05,241.01939354660652,235.35506591432417,207.0342463388664,75.7077615060729,-100.0,5.6843418860808015E-12,1.4767584464994061,-0.00467835091245312
0.05,241.3277803931956,239.0023837054745,210.69463441417005,70.70776150607291,-99.99999999999972,5.6843418860808015E-12,1.4959455717693697,-0.00428008094377421
0.05,241.55403322491628,242.40521869086922,214.1050224894737,65.7077615060729,-100.00000000000028,-1.1368683772161603E-11,1.5126466725516474,-0.0038599221694803777
0.05,241.71496772495294,245.56147999318134,217.26541056477734,60.70776150607291,-99.99999999999972,1.1368683772161603E-11,1.5268257449478293,-0.0034292951188390603
0.05,241.82551303384045,248.46975118997182,220.17579864008098,55.707761506072906,-100.00000000000014,-8.526512829121202E-12,1.5385515338917755,-0.0029972919156056026
0.05,241.89845934830217,251.1291291476764,222.83618671538463,50.7077615060729,-100.00000000000014,0.0,1.5479751645223132,-0.0025714934627386757
0.05,241.94438291132937,253.53907429924692,225.24657479068827,45.707761506072906,-99.99999999999986,5.6843418860808015E-12,1.5553089737500334,-0.002158602561331016
0.05,241.97171021794875,255.6992868080012,227.40696286599191,40.707761506072906,-100.0,-2.8421709430404007E-12,1.5608072141095493,-0.0017648923382467942
0.05,241.98688527923593,257.6096133728631,229.31735094129556,35.707761506072906,-100.0,0.0,1.5647487108405804,-0.001396480414149248
0.05,241.99460775348638,259.2699829944819,230.9777390165992,30.707761506072906,-100.0,0.0,1.5674212709906383,-0.0010594439562948638
0.05,241.9981139044587,260.68036654428863,232.38812709190285,25.707761506072906,-100.0,0.0,1.5691075961130958,-7.59794273861305E-4
0.05,241.9994758987373,261.8407537750991,233.5485151672065,20.707761506072906,-100.0,0.0,1.5700725434895697,-5.033344494749611E-4
0.05,241.99989782079402,262.75114174391024,234.45890324251013,15.707761506072906,-100.0,0.0,1.570551729938544,-2.954300500068894E-4
0.05,241.99998925008447,263.4115298119,235.11929131781378,10.707761506072906,-100.0,0.0,1.5707416144600592,-1.407299974272816E-4
0.05,241.99999970105497,263.8219178870414,235.52967939311742,5.707761506072906,-100.0,0.0,1.570791293234313,-4.2879987760962074E-5
0.05,241.99999999970635,263.9823059623477,235.69006746842106,0.7077615060729059,-100.0,0.0,1.5707962770131485,-4.271998473200036E-6
0.05,241.99999999999997,264.0,235.7077615060729,0.0,-14.155230121458118,1716.8953975708375,1.5707963267948983,-3.0237203860812756E-17
0.05,241.99999999999997,264.0,235.7077615060729,0.0,0.0,283.10460242916236,1.5707963267948983,-3.0237203860812756E-17
false
Max velocity: 100.0
Max acceleration: 100.0
Max jerk: 5000.0
Waypoint 1: x: 212.0 y: 32.0 theta: 90.0
Waypoint 2: x: 212.0 y: 91.0 theta: 90.0
Waypoint 3: x: 242.0 y: 264.0 theta: -90.0
end
