67
0.05,212.0,63.125,0.125,5.0,100.0,2000.0,1.5707963267948966,0.0
0.05,212.0,63.500000000000014,0.5,10.0,100.0,0.0,1.5707963267948966,0.0
0.05,212.0,64.12500000000004,1.125,15.0,100.0,0.0,1.5707963267948966,0.0
0.05,212.0,65.0,2.0,20.0,100.0,0.0,1.5707963267948966,0.0
0.05,212.0,66.12499999999964,3.125,25.0,100.0,0.0,1.5707963267948966,0.0
0.05,212.0,67.49999999999989,4.5,30.0,100.0,0.0,1.5707963267948966,0.0
0.05,212.0,69.12500000000051,6.125,35.0,100.0,0.0,1.5707963267948966,0.0
0.05,212.0,71.00000000000003,8.0,40.0,100.0,0.0,1.5707963267948966,0.0
0.05,212.0,73.1249999999979,10.125,45.0,100.0,0.0,1.5707963267948966,0.0
0.05,212.0,75.49999999999552,12.5,50.0,100.0,0.0,1.5707963267948966,0.0
0.05,212.0,78.1249999999929,15.125,55.0,100.0,0.0,1.5707963267948966,0.0
0.05,212.0,80.99999999999002,18.0,60.0,100.0,0.0,1.5707963267948966,0.0
0.05,212.0,84.1249999999869,21.125,65.0,100.0,0.0,1.5707963267948966,0.0
0.05,212.0,87.49999999998352,24.5,70.0,100.0,0.0,1.5707963267948966,0.0
0.05,212.0,91.12499999997989,28.125,75.0,100.0,0.0,1.5707963267948966,0.0
0.05,212.0,94.99999999999545,32.0,80.0,100.0,0.0,1.5707963267948966,0.0
0.05,212.0,99.12500000001423,36.125,85.0,100.0,0.0,1.5707963267948966,0.0
0.05,212.0,103.50000000003413,40.5,90.0,100.0,0.0,1.5707963267948966,0.0
0.05,212.0,108.12500000005518,45.125,95.0,100.0,0.0,1.5707963267948966,0.0
0.05,212.0,113.00000000007736,50.0,100.0,100.0,0.0,1.5707963267948966,0.0
0.05,212.0,118.1250000001007,55.125,105.0,100.0,0.0,1.5707963267948966,0.0
0.05,212.04513389080154,123.49961252101114,60.5,110.0,100.0,0.0,1.5450808231888102,0.005200329619923527
0.05,212.3035194135949,129.11829507669617,66.125,115.0,100.0,0.0,1.5048522107964137,0.005237455612181586
0.05,212.80943739146227,134.97107353293637,72.0,120.0,100.0,0.0,1.4646228252606814,0.005241436964778497
0.05,213.56217012540645,140.92328886695572,78.0,120.0,0.0,-2000.0,1.4257865230342799,0.0052023578756941954
0.05,214.53794744415342,146.84307888775277,84.0,120.0,0.0,0.0,1.3895296493861997,0.005113242092195188
0.05,215.71949821188218,152.7253048203864,90.0,120.0,0.0,0.0,1.3560881261328583,0.004968177103434055
0.05,217.08843040713512,158.56681495087616,96.0,120.0,0.0,0.0,1.3256286322575483,0.004762201030282146
0.05,218.62572654938023,164.36633841355356,102.0,120.0,0.0,0.0,1.2982571532190115,0.004491690088901609
0.05,220.3121464703144,170.124309104973,108.0,120.0,0.0,0.0,1.274030037061566,0.004154728216965941
0.05,222.1285282812767,175.8426502591238,114.0,120.0,0.0,0.0,1.2529658563008166,0.003751428665073334
0.05,224.055990795299,181.52454480381274,120.0,120.0,0.0,0.0,1.2350568207482382,0.003284175250934237
0.05,226.07604838262276,187.17420955101895,126.0,120.0,0.0,0.0,1.2202789579896003,0.002757752089574724
0.05,228.1706528885875,192.79668430700752,132.0,120.0,0.0,0.0,1.2086006747952724,0.002179335863341341
0.05,230.32217796711365,198.3976410952081,138.0,120.0,0.0,0.0,1.1999895945515058,0.0015583343815845174
0.05,232.51336016474374,203.98321420756366,144.0,120.0,0.0,0.0,1.1944177339196866,9.06068739794675E-4
0.05,234.72720929817729,209.55984867799384,150.0,120.0,0.0,0.0,1.191865157444718,2.353123337847401E-4
0.05,236.94689878798573,215.13416276047485,156.0,120.0,0.0,0.0,1.1923222580401494,-4.4028392357757805E-4
0.05,239.15564507290185,220.71281880893002,162.0,120.0,0.0,0.0,1.1957907778686654,-0.001106837182898115
0.05,241.33658427657937,226.30239636668847,168.0,120.0,0.0,0.0,1.2022836266663595,-0.0017508972000644407
0.05,243.4726540447537,231.9092611305142,174.0,120.0,0.0,0.0,1.211823487090312,-0.0023600755949861993
0.05,245.51236632876595,237.44491133773454,179.89951644793976,115.98065791758991,-80.38684164820182,-1607.7368329640365,1.2242033259762364,-0.0029145794282105933
0.05,247.40164969367265,242.7951145397651,185.57354934381925,110.98065791758991,-100.0,-392.26316703596353,1.2389452502378853,-0.0033984474956008817
0.05,249.12692767868384,247.93737702541898,190.99758223969874,105.98065791758991,-100.0,0.0,1.2556607382182174,-0.003810453588917461
0.05,250.68634034487593,252.8707427308248,196.17161513557824,100.98065791758991,-100.0,0.0,1.274010508300869,-0.004154408819695071
0.05,252.08085220450766,257.5930998201418,201.09564803145773,95.98065791758991,-100.0,0.0,1.293658447085101,-0.004435906153477829
0.05,253.31397516327024,262.10144957700606,205.76968092733722,90.98065791758991,-100.0,0.0,1.3142725394547137,-0.00466157749721967
0.05,254.39148041779038,266.39217359028316,210.1937138232167,85.98065791758991,-100.0,0.0,1.3355272899091,-0.004838493134059484
0.05,255.32109255255443,270.4612884426996,214.3677467190962,80.98065791758991,-100.0,0.0,1.3571072139448286,-0.0049737091951083095
0.05,256.11216480624864,274.3046775606328,218.2917796149757,75.98065791758991,-100.0,0.0,1.3787108962880326,-0.005073951515904952
0.05,256.77533949882707,277.9182913379064,221.9658125108552,70.98065791758991,-100.0,0.0,1.4000550928862685,-0.005145415068708536
0.05,257.3222013915766,281.2983090403534,225.38984540673468,65.98065791758991,-100.0,0.0,1.4208783997368417,-0.005193654990395544
0.05,257.7649339438474,284.4412590330608,228.56387830261417,60.980657917589916,-99.99999999999986,2.8421709430404007E-12,1.4409441145854596,-0.005223545899617978
0.05,258.1159889459718,287.3440971054743,231.48791119849366,55.98065791758991,-100.00000000000014,-5.6843418860808015E-12,1.4600420568062138,-0.005239288986772239
0.05,258.38777903308363,290.00424562254216,234.16194409437315,50.98065791758991,-100.0,2.8421709430404007E-12,1.4779892603249702,-0.005244450035306743
0.05,258.59240052178757,292.4195985847006,236.58597699025265,45.98065791758991,-100.0,0.0,1.4946295901056035,-0.005242015309117981
0.05,258.7413913492551,294.5884991656983,238.76000988613214,40.98065791758991,-100.0,0.0,1.5098324365346714,-0.005234455676527294
0.05,258.8455261287133,296.5096969638155,240.68404278201163,35.98065791758991,-100.0,0.0,1.5234907064823064,-0.005223792233332838
0.05,258.91464784779623,298.18229211555524,242.35807567789112,30.980657917589905,-100.00000000000007,-1.4210854715202004E-12,1.5355183555107097,-0.0052116589811514
0.05,258.95753377743574,299.60567275793335,243.7821085737706,25.98065791758991,-99.99999999999993,2.8421709430404007E-12,1.5458476997113209,-0.005199359845220238
0.05,258.9817918416685,300.77945141384544,244.9561414696501,20.98065791758991,-100.0,-1.4210854715202004E-12,1.5544267189517953,-0.0051879185517570425
0.05,258.9937830085246,301.70340472645967,245.8801743655296,15.98065791758991,-99.99999999999996,8.526512829121202E-13,1.5612165248306362,-0.005178120719656365
0.05,258.9985651308302,302.3774199636291,246.5542072614091,10.980657917589909,-100.00000000000003,-1.4210854715202004E-12,1.5661891264293282,-0.005170548041733409
0.05,258.99985397092615,302.80145072721064,246.97824015728858,5.980657917589909,-100.0,5.684341886080801E-13,1.56932558917533,-0.005165604717443462
0.05,258.9999977729369,302.9754835513079,247.15227305316807,0.980657917589909,-100.0,0.0,1.5706146510779218,-0.005163536416542121
0.05,259.0,302.9999999999999,247.17678950110783,0.0,-19.613158351798177,1607.7368329640365,1.570796326794896,-0.005163243219804915
0.05,259.0,302.9999999999999,247.17678950110783,0.0,0.0,392.26316703596353,1.570796326794896,-0.005163243219804915
false
Max velocity: 120.0
Max acceleration: 100.0
Max jerk: 5000.0
Waypoint 1: x: 212.0 y: 63.0 theta: 90.0
Waypoint 2: x: 212.0 y: 120.0 theta: 90.0
Waypoint 3: x: 259.0 y: 303.0 theta: 90.0
end
32.0