15
0.05,296.90255154308636,197.83121296509955,0.194898088512122,7.79592354048488,155.9184708096976,3118.3694161939516,4.188800617933808,-1.0939217833286571E-4
0.05,296.512826005699,197.15602540523372,0.97449044256061,23.38777062145464,311.83694161939513,3118.3694161939507,4.189040167385832,-5.140395595962827E-4
0.05,295.6371718590842,195.63614525920914,2.728573239169708,46.77554124290928,467.75541242909276,3118.3694161939525,4.190573126639565,-0.0012388321325744042
0.05,294.1854656409236,193.09858386942977,5.652044566851538,70.16331186436392,467.7554124290928,1.1368683772161603E-12,4.195255942083296,-0.0019289307846626356
0.05,292.1766792423188,189.53260840998053,9.744904425606101,93.55108248581855,467.7554124290927,-2.2737367544323206E-12,4.2035775166708635,-0.00201930233317064
0.05,289.72864853235143,185.09582746680343,14.812254726921275,109.14292956678831,311.83694161939513,-3118.369416193951,4.212128168600033,-0.0011951373603923056
0.05,287.05952400780336,180.18866066298796,20.398356731391935,114.30115061203819,103.16442090499748,-4173.450414287952,4.214934721983924,2.4905688865543396E-4
0.05,284.447249408305,175.4007140765742,25.852573611100848,103.86752457631829,-208.67252071439793,-6236.738832387908,4.209722546543954,0.0015554606308895973
0.05,282.1470191866018,171.2589757744715,30.59021110051164,85.63797500011349,-364.59099152409607,-3118.3694161939625,4.200729679970581,0.0020845723231449494
0.05,280.3247285391125,168.04206472440995,34.28741558498095,62.25020437865886,-467.75541242909253,-2063.288418099929,4.193456067226922,0.0017622577836928473
0.05,279.0668294971803,165.84945515438903,36.815231538377525,38.862433757204215,-467.7554124290928,-5.6843418860808015E-12,4.189917928917874,0.001021527106085733
0.05,278.35533217896415,164.61551785885024,38.23960152308224,18.1123656309846,-415.00136252439233,1055.0809980940096,4.188925016558667,3.829768610150541E-4
0.05,278.064477592499,164.11167886006444,38.821366189988105,5.158221045249858,-259.08289171469477,3118.369416193951,4.18879477907206,7.275198156553814E-5
0.05,278.0,164.0,38.95032171611935,0.0,-103.16442090499716,3118.3694161939525,4.188790204786391,7.137448041487283E-18
0.05,278.0,164.0,38.95032171611935,0.0,0.0,2063.288418099943,4.188790204786391,7.137448041487283E-18
false
Max velocity: 175.0
Max acceleration: 503.0
Max jerk: 5000.0
Waypoint 1: x: 297.0 y: 198.0 theta: 59.99999999999999
Waypoint 2: x: 278.0 y: 164.0 theta: 59.99999999999999
end
10.0
