31
0.05,300.999999679371,15.281250000002052,0.28125,11.25,225.0,4500.0,1.5707997510205052,-6.00231898927081E-5
0.05,300.99997925488475,16.124999999661256,1.125,22.5,225.0,0.0,1.5708519123938958,-2.452557883923082E-4
0.05,300.9997594825596,17.531249979306025,2.53125,33.75,225.0,0.0,1.5710843612396415,-5.704424007873082E-4
0.05,300.9986160282726,19.499999612340602,4.5,45.0,225.0,0.0,1.5717353558615437,-0.0010575257235019993
0.05,300.994564457659,22.03124615025692,7.03125,56.25,225.0,0.0,1.5731763628112612,-0.0017311975895460865
0.05,300.98321602737184,25.12497434608398,10.125,67.5,225.0,0.0,1.575945514103239,-0.0026117978402796995
0.05,300.95608233715865,28.781120090419755,13.78125,78.75,225.0,0.0,1.5807851573833438,-0.003705146604108191
0.05,300.89819799359134,32.9994619963456,18.0,90.0,225.0,0.0,1.5886805280235883,-0.004989758101165384
0.05,300.7849377367907,37.7793405754199,22.78125,101.25,225.0,0.0,1.6008959478651685,-0.006403777719577908
0.05,300.5779407404309,43.11900683534439,28.125,112.5,225.0,0.0,1.619001842831778,-0.007836754388546599
0.05,300.22016402866046,49.01424539142153,34.03125,123.75,225.0,0.0,1.6448762822785803,-0.009133632223376032
0.05,299.63038358907903,55.45570657471416,40.5,135.0,225.0,0.0,1.6806420608318597,-0.010117291619722298
0.05,298.74204715395075,62.146402586596636,47.25,135.0,0.0,-4500.0,1.7263692197001357,-0.010619395997276652
0.05,297.5211986046607,68.78424666384406,54.0,135.0,0.0,0.0,1.780302951620134,-0.010617776640838947
0.05,295.9202528521977,75.34056553032579,60.75,135.0,0.0,0.0,1.8413274933713986,-0.010196160693622445
0.05,293.9047332214623,81.78133815686222,67.5,135.0,0.0,0.0,1.907461549999871,-0.009461277369710619
0.05,291.4590724476358,88.07128449306208,74.25,135.0,0.0,0.0,1.9759159280926895,-0.00851737390878279
0.05,288.61638425528554,94.12845986927306,80.94230793425577,132.6923173702306,-46.15365259538805,-923.073051907761,2.042828239591633,-0.007458638272088611
0.05,285.5581215818961,99.69625113517608,87.2956738027673,121.4423173702306,-225.0,-3576.926948092239,2.102483207386194,-0.006391535306875932
0.05,282.49883076225626,104.61236465696769,93.08653967127883,110.1923173702306,-225.0,0.0,2.1513991023078596,-0.005387868439313612
0.05,279.5456874846992,108.9264584914275,98.31490553979036,98.94231737023061,-224.99999999999972,5.6843418860808015E-12,2.1897176164621612,-0.004459219296170552
0.05,276.7828827803519,112.68620841761947,102.98077140830189,87.6923173702306,-225.00000000000028,-1.1368683772161603E-11,2.2184051801770686,-0.003606289372979186
0.05,274.2728673833831,115.93225948217814,107.08413727681342,76.4423173702306,-225.0,5.6843418860808015E-12,2.238837020572337,-0.002827775674019093
0.05,272.05963793623613,118.69616072299544,110.62500314532495,65.1923173702306,-225.0,0.0,2.2525357520039337,-0.0021248478138950672
0.05,270.17249294437573,121.00035117284872,113.60336901383648,53.942317370230604,-224.99999999999986,2.8421709430404007E-12,2.2610237535517683,-0.0015029570799926254
0.05,268.62958611876746,122.85933895686622,116.01923488234802,42.692317370230604,-225.0,-2.8421709430404007E-12,2.2657359981714564,-9.7191283329984E-4
0.05,267.44107726629625,124.28145369615663,117.87260075085955,31.442317370230604,-225.0,0.0,2.2679551960446442,-5.446804870924702E-4
0.05,266.6118416188874,125.27074780958385,119.16346661937108,20.192317370230604,-225.0,0.0,2.2687506790675322,-2.3522139972059655E-4
0.05,266.14369970766876,125.82874421472671,119.89183248788261,8.942317370230604,-225.0,0.0,2.268918178703995,-5.580760516677626E-5
0.05,266.0,125.99999999999999,120.11539042213838,0.0,-178.8463474046121,923.0730519077582,2.268928027592629,-5.204300043563193E-18
0.05,266.0,125.99999999999999,120.11539042213838,0.0,0.0,3576.9269480922417,2.268928027592629,-5.204300043563193E-18
true
Max velocity: 135.0
Max acceleration: 226.0
Max jerk: 5000.0
Waypoint 1: x: 301.0 y: 15.0 theta: 90.0
Waypoint 2: x: 266.0 y: 126.0 theta: -50.0
end
33.0
