39
0.05,212.00000006394092,63.20833333333349,0.20833333333333331,8.333333333333332,166.66666666666663,3333.3333333333326,1.5707954063926164,7.950247800639293E-6
0.05,212.0000079565239,64.04166666661293,1.0416666666666665,25.0,333.3333333333333,3333.3333333333335,1.5707734552538686,3.939384151748196E-5
0.05,212.00017288720304,65.91666665747887,2.9166666666666665,50.0,500.0,3333.3333333333335,1.570619443293871,1.0808775185045098E-4
0.05,212.00151057893342,69.04166632925079,6.041666666666666,75.0,500.0,0.0,1.5700545423423287,2.1646794639945568E-4
0.05,212.00755745041096,73.41666179478958,10.416666666666666,100.0,500.0,0.0,1.5686616783960128,3.5600646402524484E-4
0.05,212.02674906253424,79.04162731749857,16.041666666666664,125.0,500.0,0.0,1.5659440705383916,5.15803712087246E-4
0.05,212.07500925307187,85.91645200955142,22.916666666666664,150.0,500.0,0.0,1.5614048405893812,6.83182598420374E-4
0.05,212.174545486539,93.83247861586054,30.833333333333332,166.66666666666669,333.3333333333337,-3333.3333333333258,1.5548287579833897,8.403828074438053E-4
0.05,212.3456814402477,102.37240605960595,39.375,175.0,166.6666666666663,-3333.3333333333485,1.5465138633480198,9.697964899775136E-4
0.05,212.59873799694697,111.11871373808994,48.125,175.0,0.0,-3333.3333333333258,1.5371161096844912,0.001061116671560512
0.05,212.9363440267138,119.86216268791553,56.875,175.0,0.0,0.0,1.5272438632065892,0.0011122580986608276
0.05,213.36092031460217,128.60181946804238,65.625,175.0,0.0,0.0,1.5172784272258637,0.0011246267921201172
0.05,213.87171746829114,137.33686286885867,74.375,175.0,0.0,0.0,1.5075614602324927,0.0010997838066393918
0.05,214.46517365422204,146.0666837703045,83.125,175.0,0.0,0.0,1.4983938102689212,0.001039721664822015
0.05,215.13528248020745,154.79096069552332,91.875,175.0,0.0,0.0,1.4900346816913017,9.470797427566516E-4
0.05,215.87396605846686,163.5097050456883,100.625,175.0,0.0,0.0,1.4827012657598075,8.252897089003992E-4
0.05,216.6714477611537,172.22327392692785,109.375,175.0,0.0,0.0,1.4765688358040718,6.786420477233313E-4
0.05,217.516619961774,180.9323517653998,118.125,175.0,0.0,0.0,1.4717712065714894,5.12268216659206E-4
0.05,218.39740372154094,189.6379044332238,126.875,175.0,0.0,0.0,1.4684013968602116,3.320393984237247E-4
0.05,219.3010994459039,198.34111137240947,135.625,175.0,0.0,0.0,1.4665123162659328,1.4439098069337673E-4
0.05,220.21521410491792,207.04323127600966,144.375,175.0,0.0,0.0,1.4654070901225706,4.044220812370276E-4
0.05,221.19457300679503,215.73813525404205,153.125,175.0,0.0,0.0,1.447969603455225,0.002076333108042088
0.05,222.42596843052397,224.4004429743352,161.875,175.0,0.0,0.0,1.4073294557255467,0.003791627077968599
0.05,224.10889639594814,232.98554137049246,170.625,175.0,0.0,0.0,1.343140366817643,0.005709648956136823
0.05,226.4393024616129,241.4165734650246,179.375,175.0,0.0,0.0,1.2552144102785783,0.008001409815586202
0.05,229.59154210903338,249.57434356013383,188.125,175.0,0.0,0.0,1.1457103264663735,0.010856730550882734
0.05,233.67913745025442,257.30449836422207,196.875,175.0,0.0,0.0,1.021465408432709,0.014449232057865568
0.05,238.71171999451025,264.4551628725155,205.625,175.0,0.0,0.0,0.8942266973332436,0.018811689280633787
0.05,244.53280747334233,270.8820174746,214.30108629342476,172.04345173699036,-59.13096526019274,-1182.6193052038548,0.7780042443907775,0.023512658186213876
0.05,250.7323304207645,276.42609470291654,222.6210118403657,160.75357014064738,-225.7976319268596,-3333.333333333337,0.6847303858342755,0.027202549073627513
0.05,256.7376643515642,280.9949267966812,230.16810997415615,141.13035521097112,-392.4642985935253,-3333.3333333333144,0.6191849696354748,0.027906925226132813
0.05,262.05381953094826,284.6139345800183,236.5996277347047,116.13035521097109,-500.00000000000057,-2150.714028129505,0.5785751652606905,0.024598263007015245
0.05,266.425361902075,287.3954148646584,241.78114549525327,91.1303552109711,-499.9999999999997,1.7053025658242404E-11,0.5563294974248041,0.01829728938795653
0.05,269.7757591199689,289.4524829272042,245.71266325580183,66.1303552109711,-500.0,-5.6843418860808015E-12,0.5458828576266073,0.011208211944394206
0.05,272.07053359689854,290.8397604151888,248.3941810163504,41.1303552109711,-500.0,0.0,0.5420752224902157,0.005372521839018585
0.05,273.3605575999685,291.61575127532234,249.8996124834742,19.086903473980737,-440.8690347398073,1182.6193052038536,0.5411655598188063,0.001818276458922472
0.05,273.8847799767892,291.9307686320317,250.5112046970818,5.376785070323701,-274.2023680731407,3333.3333333333326,0.5410557689037079,3.300082596881141E-4
0.05,274.0,292.0,250.6456243238399,0.0,-107.535701406474,3333.3333333333335,0.5410520681182422,0.0
0.05,274.0,292.0,250.6456243238399,0.0,0.0,2150.71402812948,0.5410520681182422,0.0
false
Max velocity: 175.0
Max acceleration: 503.0
Max jerk: 5000.0
Waypoint 1: x: 212.0 y: 63.0 theta: 90.0
Waypoint 2: x: 220.0 y: 205.0 theta: 84.00000000000003
Waypoint 3: x: 274.0 y: 292.0 theta: 30.999999999999993
end
32.0
