17
0.05,212.0,63.17275044245925,0.1727504424592442,6.910017698369767,138.20035396739533,2764.0070793479063,1.5707963267948966,0.0
0.05,212.0,63.86375221229625,0.863752212296221,20.7300530951093,276.40070793479066,2764.0070793479063,1.5707963267948966,0.0
0.05,212.0,65.24575575196988,2.2457557519701745,34.55008849184884,276.4007079347907,1.1368683772161603E-12,1.5707963267948966,0.0
0.05,212.0,67.31876106148157,4.318761061481105,48.370123888588374,276.40070793479066,-1.1368683772161603E-12,1.5707963267948966,0.0
0.05,212.0,70.08276814082714,7.082768140829012,62.190159285327915,276.40070793479083,3.410605131648481E-12,1.5707963267948966,0.0
0.05,212.0,73.53777699000857,10.537776990013896,76.01019468206745,276.40070793479066,-3.410605131648481E-12,1.5707963267948966,0.0
0.05,212.0,77.68378760902628,14.683787609035758,89.83023007880698,276.40070793479055,-2.2737367544323206E-12,1.5707963267948966,0.0
0.05,212.0,82.28747458717773,19.287474587187436,94.31724904726018,89.74037936906399,-3733.206571314531,1.5707963267948966,0.0
0.05,212.0,86.77001162885398,23.770011628843285,84.98423261897385,-186.66032856572656,-5528.014158695811,1.5707963267948966,0.0
0.05,212.0,90.67372237490194,27.67372237487349,71.1641972222343,-276.40070793479083,-1794.8075873812854,1.5707963267948966,0.0
0.05,212.0,93.88643135110979,30.886431351066715,57.344161825494766,-276.40070793479083,0.0,1.5707963267948966,0.0
0.05,212.0,96.40813855747751,33.408138557422966,43.52412642875524,-276.40070793479055,5.6843418860808015E-12,1.5707963267948966,0.0
0.05,212.0,98.23884399400512,35.23884399394224,29.704091032015704,-276.40070793479066,-2.2737367544323206E-12,1.5707963267948966,0.0
0.05,212.0,99.3785476606926,36.378547660624534,15.884055635276166,-276.4007079347907,-1.1368683772161603E-12,1.5707963267948966,0.0
0.05,212.0,99.88782452578816,36.88782452571777,4.487018968453199,-227.94073333645932,969.199491966628,1.5707963267948966,0.0
0.05,212.0,100.0,36.999999999929095,0.0,-89.74037936906399,2764.0070793479063,1.5707963267948966,0.0
0.05,212.0,100.0,36.999999999929095,0.0,0.0,1794.8075873812797,1.5707963267948966,0.0
false
Max velocity: 160.0
Max acceleration: 300.0
Max jerk: 5000.0
Waypoint 1: x: 212.0 y: 63.0 theta: 90.0
Waypoint 2: x: 212.0 y: 100.0 theta: 90.0
end
70.0
