18
0.05,208.22988399287058,263.0,0.22988399287058484,9.195359714823393,183.90719429646785,3678.1438859293567,1.22252245142612E-16,1.83391939730843E-18
0.05,208.91953597148236,263.0,0.9195359714823393,18.390719429646786,183.90719429646785,0.0,1.1922137934648215E-16,6.8311544016293265E-18
0.05,210.06895593583508,263.0,2.068955935835264,27.58607914447018,183.90719429646785,0.0,1.0731777462087313E-16,1.3557483411863281E-17
0.05,211.6781438859298,263.0,3.678143885929358,36.78143885929357,183.90719429646785,0.0,7.995013466827265E-17,1.988703029856982E-17
0.05,213.7470998217631,263.0,5.747099821764621,45.97679857411697,183.90719429646794,1.7053025658242404E-12,3.4345199629681655E-17,2.339900421252643E-17
0.05,216.275823743337,263.0,8.275823743341054,55.17215828894036,183.9071942964678,-2.8421709430404007E-12,6.283185307179586,2.1933135316770692E-17
0.05,219.2643156506516,263.0,11.264315650658656,64.36751800376375,183.9071942964678,0.0,6.283185307179586,1.430380644200358E-17
0.05,222.71257554370695,263.0,14.712575543717428,73.56287771858715,183.90719429646794,2.8421709430404007E-12,6.283185307179586,1.1728806654671854E-18
0.05,226.1967634938117,263.0,18.19676349380793,65.80464028503289,-155.16474867108514,-6781.438859351061,6.283185307179586,-1.2456982255323414E-17
0.05,229.2571115152067,263.0,21.25711151518899,56.60928057020949,-183.90719429646794,-574.848912507656,6.283185307179586,-2.1097945390620095E-17
0.05,231.85769155085842,263.0,23.85769155082888,47.4139208553861,-183.9071942964678,2.8421709430404007E-12,2.5062837980489768E-17,-2.35498243851743E-17
0.05,233.99850360076687,263.0,25.9985036007276,38.218561140562706,-183.90719429646794,-2.8421709430404007E-12,7.337517497678567E-17,-2.0759240608710767E-17
0.05,235.67954766493207,263.0,27.67954766488515,29.023201425739312,-183.90719429646785,1.7053025658242404E-12,1.0375310387989617E-16,-1.477550999750748E-17
0.05,236.900823743354,263.0,28.90082374330153,19.82784171091592,-183.90719429646785,0.0,1.178874554817028E-16,-8.011709166670207E-18
0.05,237.6623318360327,263.0,29.66233183597674,10.632481996092526,-183.90719429646785,0.0,1.2200965214845875E-16,-2.6644374458402777E-18
0.05,237.9640719429681,263.0,29.96407194291078,1.437122281269133,-183.90719429646785,0.0,1.224594231781781E-16,-2.9227483833576192E-19
0.05,238.0,263.0,29.99999999994251,0.0,-28.74244562538266,3103.2949734217036,1.2246467991473532E-16,-4.9303806576313216E-32
0.05,238.0,263.0,29.99999999994251,0.0,0.0,574.8489125076532,1.2246467991473532E-16,-4.9303806576313216E-32
true
Max velocity: 150.0
Max acceleration: 200.0
Max jerk: 5000.0
Waypoint 1: x: 208.0 y: 263.0 theta: 180.0
Waypoint 2: x: 238.0 y: 263.0 theta: 180.0
end
26.0
