34
0.05,212.0,63.300000000000004,0.30000000000000004,12.0,240.0,4800.0,1.5707963267948966,0.0
0.05,212.0,64.49999999999993,1.5000000000000002,36.0,480.0,4800.0,1.5707963267948966,0.0
0.05,212.0,66.9000000000003,3.9000000000000004,60.0,480.0,0.0,1.5707963267948966,0.0
0.05,212.0,70.49999999999771,7.5,84.0,480.0,0.0,1.5707963267948966,0.0
0.05,212.0,75.2999999999929,12.3,108.0,480.0,0.0,1.5707963267948966,0.0
0.05,212.0,81.29999999998691,18.3,132.0,480.0,0.0,1.5707963267948966,0.0
0.05,212.0,88.50000000001856,25.5,156.0,480.0,0.0,1.5707963267948966,0.0
0.05,212.0,96.90000000005679,33.9,180.0,480.0,0.0,1.5707963267948966,0.0
0.05,212.01714774497165,106.49995967750563,43.5,204.0,480.0,0.0,1.5629945489771027,0.0014781188665303215
0.05,212.30272887930568,117.29533745922522,54.3,228.0,480.0,0.0,1.520008209154232,0.003556335082794712
0.05,213.33611225025663,128.9464266578508,66.0,240.0,240.0,-4800.0,1.439605997654295,0.005531511046131968
0.05,215.5228610743777,140.73961801216612,78.0,240.0,0.0,-4800.0,1.3323601813432218,0.007313230605996509
0.05,219.02522330372835,152.2101118341106,90.0,240.0,0.0,0.0,1.216746466322312,0.008613958846246895
0.05,223.78731191262244,163.21868616809925,102.0,240.0,0.0,0.0,1.1113956897015407,0.008924739299261537
0.05,229.56404925487095,173.7329516119051,114.0,240.0,0.0,0.0,1.03015983841825,0.007681237514233098
0.05,236.02596440141258,183.84296185937265,126.0,240.0,0.0,0.0,0.9792113663028565,0.004740380565115026
0.05,242.84275090332093,193.718506318555,138.0,240.0,0.0,0.0,0.9590339761329713,7.816156182018929E-4
0.05,249.71638267594818,203.55477858772508,150.0,240.0,0.0,0.0,0.9670983497545218,-0.0029027988124050185
0.05,256.38852642754216,213.52826196450798,162.0,240.0,0.0,0.0,0.9986505631929644,-0.005181409087348394
0.05,262.65474095034557,223.76094239054274,174.0,240.0,0.0,0.0,1.0456861249136629,-0.005639336910701276
0.05,268.4050705484407,234.2920232067132,186.0,240.0,0.0,0.0,1.095419094146675,-0.004437193974786453
0.05,273.68017357850226,245.04572648221526,197.97845605207775,239.13824208311019,-17.235158337796292,-344.70316675592585,1.12978730213999,-0.0017718927678231932
0.05,278.5535302134279,255.61092018599797,209.613824208311,226.2764841662204,-257.2351583377957,-4799.999999999988,1.1617698983722695,-0.05383788478375533
0.05,282.10757794664744,265.7050453221793,220.32764841662203,202.2764841662204,-480.0,-4455.296833244085,1.3264753330404746,-0.05604323967852573
0.05,283.3037119300761,275.11878253078515,229.84147262493303,178.2764841662204,-480.0,0.0,1.5729717124468676,-0.03297610525384498
0.05,282.3285304648762,283.3572336669491,238.15529683324405,154.2764841662204,-480.0,0.0,1.798875107926576,-0.019014662775100225
0.05,280.17971815768317,290.13180267906614,245.26912104155508,130.2764841662204,-480.0,0.0,1.9481630125113976,-0.011437436149581263
0.05,277.7590023541571,295.5256361139083,251.1829452498661,106.2764841662204,-480.0,0.0,2.0309535254760624,-0.006932440383246583
0.05,275.5730428509534,299.70159798533916,255.89676945817712,82.2764841662204,-480.0,0.0,2.0715592923332085,-0.003994058795740977
0.05,273.8573728905577,302.76805255606666,259.4105936664881,58.2764841662204,-480.0,0.0,2.0883977331850536,-0.0020122824651704384
0.05,272.7065610977482,304.7753897861516,261.72441787479914,34.2764841662204,-480.0,0.0,2.093534993892647,-7.579141001967391E-4
0.05,272.1392253459462,305.7588484377396,262.8597860310324,11.1382420831102,-462.764841662204,344.70316675592017,2.0943617604408242,-1.4906960703980787E-4
0.05,272.00000000000006,305.9999999999999,263.13824208311013,0.0,-222.764841662204,4800.0,2.094395102393195,-7.542782342182729E-17
0.05,272.00000000000006,305.9999999999999,263.13824208311013,0.0,0.0,4455.29683324408,2.094395102393195,-7.542782342182729E-17
true
Max velocity: 240.0
Max acceleration: 500.0
Max jerk: 5000.0
Waypoint 1: x: 212.0 y: 63.0 theta: 90.0
Waypoint 2: x: 212.0 y: 100.0 theta: 90.0
Waypoint 3: x: 276.0 y: 250.0 theta: 65.0
Waypoint 4: x: 272.0 y: 306.0 theta: -59.99999999999999
end
26.0
