71
0.05,212.0,63.125,0.125,5.0,100.0,2000.0,1.5707963267948966,0.0
0.05,212.0,63.500000000000014,0.5,10.0,100.0,0.0,1.5707963267948966,0.0
0.05,212.0,64.12500000000004,1.125,15.0,100.0,0.0,1.5707963267948966,0.0
0.05,212.0,65.0,2.0,20.0,100.0,0.0,1.5707963267948966,0.0
0.05,212.0,66.12499999999964,3.125,25.0,100.0,0.0,1.5707963267948966,0.0
0.05,212.0,67.49999999999989,4.5,30.0,100.0,0.0,1.5707963267948966,0.0
0.05,212.0,69.12500000000051,6.125,35.0,100.0,0.0,1.5707963267948966,0.0
0.05,212.0,71.00000000000003,8.0,40.0,100.0,0.0,1.5707963267948966,0.0
0.05,212.0,73.1249999999979,10.125,45.0,100.0,0.0,1.5707963267948966,0.0
0.05,212.0,75.49999999999552,12.5,50.0,100.0,0.0,1.5707963267948966,0.0
0.05,212.0,78.1249999999929,15.125,55.00000000000001,100.00000000000014,2.8421709430404007E-12,1.5707963267948966,0.0
0.05,212.0,80.99999999999002,18.0,60.0,99.99999999999986,-5.6843418860808015E-12,1.5707963267948966,0.0
0.05,212.0,84.1249999999869,21.125,65.0,100.0,2.8421709430404007E-12,1.5707963267948966,0.0
0.05,212.0,87.49999999998352,24.5,70.0,100.0,0.0,1.5707963267948966,0.0
0.05,212.0,91.12499999997989,28.125,75.0,100.0,0.0,1.5707963267948966,0.0
0.05,212.0,94.99999999999545,32.0,80.0,100.0,0.0,1.5707963267948966,0.0
0.05,212.0,99.12500000001423,36.125,85.0,100.0,0.0,1.5707963267948966,0.0
0.05,212.0,103.50000000003413,40.5,90.0,100.0,0.0,1.5707963267948966,0.0
0.05,212.0,108.12500000005518,45.125,95.0,100.0,0.0,1.5707963267948966,0.0
0.05,212.0,113.00000000007736,50.0,100.0,100.0,0.0,1.5707963267948966,0.0
0.05,212.0,118.00000000010013,55.0,100.0,0.0,-2000.0,1.5707963267948966,0.0
0.05,212.07607372141726,122.99871293692372,60.0,100.0,0.0,0.0,1.5200295253331526,0.011354152003044815
0.05,212.54024633950115,127.97563553271958,65.0,100.0,0.0,0.0,1.435822185917368,0.012040326872431327
0.05,213.41548390778527,132.89703311314605,70.0,100.0,0.0,0.0,1.354452946480946,0.01264920198466007
0.05,214.67604655749713,137.73427437919045,75.0,100.0,0.0,0.0,1.2783372680054035,0.01311382166433858
0.05,216.2847063750748,142.46737882442383,80.0,100.0,0.0,0.0,1.2092978500855804,0.013355385551398645
0.05,218.19752777826665,147.0861878692208,85.0,100.0,0.0,0.0,1.148448739490507,0.013289151241801474
0.05,220.36835860213046,151.58972186909767,90.0,100.0,0.0,0.0,1.0962662455236154,0.012833315460888896
0.05,222.75211259456216,155.98446559267285,95.0,100.0,0.0,0.0,1.05276148894297,0.011920513220150426
0.05,225.30663256871466,160.2823558858057,100.0,100.0,0.0,0.0,1.017670005386008,0.010510827243860803
0.05,227.99337351250352,164.49897730533598,105.0,100.0,0.0,0.0,0.9906095545822661,0.008604177781198817
0.05,230.77728526890945,168.6521746677853,110.0,100.0,0.0,0.0,0.9711917719191138,0.006249063052604787
0.05,233.62622924871624,172.76109321358456,115.0,100.0,0.0,0.0,0.9590926010396801,0.003544444971871717
0.05,236.51015857566318,176.84556354328006,120.0,100.0,0.0,0.0,0.9540926125466922,6.326135573339729E-4
0.05,239.40019429939255,180.925720825493,125.0,100.0,0.0,0.0,0.9560974494136745,-0.0023168881226770985
0.05,242.26766418040114,185.0217486932241,130.0,100.0,0.0,0.0,0.9651451966859638,-0.0051294410775235945
0.05,245.0831362704954,189.15364470814936,135.0,100.0,0.0,0.0,0.9814035028571934,-0.0076487015263441765
0.05,247.81547369138542,193.34090580682116,140.0,100.0,0.0,0.0,1.0051553200727181,-0.009755779454768779
0.05,250.43095878391517,197.60202706888188,145.0,100.0,0.0,0.0,1.036768150746427,-0.01138036234778231
0.05,252.89258696147112,201.95370188634763,150.0,100.0,0.0,0.0,1.0766378814422266,-0.01250252441672828
0.05,255.1597152725164,206.4096232752094,155.0,100.0,0.0,0.0,1.125095927552644,-0.013146550719016558
0.05,257.18835728488705,210.97884623151657,160.0,100.0,0.0,0.0,1.1822708689058232,-0.013369701389703533
0.05,258.9324988660656,215.66382112262005,165.0,100.0,0.0,0.0,1.247908747343762,-0.013249144787294796
0.05,260.3467662868426,220.45846960144237,170.0,100.0,0.0,0.0,1.321184660165979,-0.01286962180940509
0.05,261.3904694034426,225.34698082309106,175.0,100.0,0.0,0.0,1.4005767203933537,-0.012313367799670833
0.05,262.0324178030314,230.3041400647179,180.0,100.0,0.0,0.0,1.4838944365469913,-0.0116529264384402
0.05,262.25520813248875,235.29767925755232,185.0,100.0,0.0,0.0,1.5685163818927241,-0.010946947687102932
0.05,262.05745568561406,240.29232009035275,190.0,100.0,0.0,0.0,1.65178959543896,-0.010238761272930193
0.05,261.4530978325829,245.2543284282849,195.0,100.0,0.0,0.0,1.7314425876288058,-0.009557247997867049
0.05,260.4927755878467,250.05189887285218,199.89382357953832,95.75294318153243,-84.9411363693514,-1698.822727387028,1.8043374738513362,-0.008932280288593001
0.05,259.2516317261678,254.5451009516673,204.55647073861493,90.75294318153244,-99.99999999999972,-301.17727261296636,1.882484374950712,-1.681733078964048
0.05,257.68741194939145,258.6689207808876,208.96911789769155,85.75294318153243,-100.00000000000028,-1.1368683772161603E-11,1.9902668756395636,-231.77384314411356
0.05,255.74064892067048,262.344250605397,213.13176505676816,80.75294318153243,-100.0,5.6843418860808015E-12,2.1339142129474573,-1.0929470318181698
0.05,253.36758610979942,265.44773622044056,217.04441221584477,75.75294318153244,-99.99999999999972,5.6843418860808015E-12,2.3234543723812813,-0.2768907265785727
0.05,250.5859084996452,267.8175832094041,220.70705937492139,70.75294318153243,-100.00000000000028,-1.1368683772161603E-11,2.5569885261974097,-0.12087771760241307
0.05,247.53778295734975,269.33247476995314,224.119706533998,65.75294318153244,-99.99999999999972,1.1368683772161603E-11,2.8055284001971694,-0.06801085136063494
0.05,244.46000670388614,270.03163469827524,227.2823536930746,60.75294318153244,-100.00000000000014,-8.526512829121202E-12,3.0264872079707144,-0.044940181215141005
0.05,241.55195030939987,270.1074873938302,230.19500085215122,55.75294318153243,-100.00000000000014,0.0,3.198674039197709,-0.033158774298799584
0.05,238.9111339609403,269.78147453672153,232.85764801122784,50.75294318153244,-99.99999999999986,5.6843418860808015E-12,3.3254951177813825,-0.02639752188939871
0.05,236.56386977253283,269.2273488570492,235.27029517030445,45.75294318153244,-100.0,-2.8421709430404007E-12,3.41817210620709,-0.022159452363932592
0.05,234.5059283518078,268.56395310426376,237.43294232938106,40.75294318153244,-100.0,0.0,3.486649600810639,-0.019325996584690596
0.05,232.72385199892545,267.8699638482264,239.34558948845768,35.75294318153244,-100.0,0.0,3.5379572396222883,-0.01734398045885151
0.05,231.20322512327368,267.19784594928956,241.0082366475343,30.752943181532437,-100.0,0.0,3.5767786949396987,-0.01591622626564298
0.05,229.93135073063092,266.58322125311605,242.4208838066109,25.75294318153244,-99.99999999999993,1.4210854715202004E-12,3.606211034406193,-0.014872091441942674
0.05,228.89787454694567,266.0506610583441,243.58353096568752,20.752943181532437,-100.00000000000007,-2.8421709430404007E-12,3.6283167756186914,-0.014108510457544908
0.05,228.09473339965882,265.6172201625346,244.49617812476413,15.752943181532435,-100.00000000000003,8.526512829121202E-13,3.6444771515296304,-0.01356110808014355
0.05,227.51592738391906,265.2946053478206,245.15882528384074,10.752943181532437,-99.99999999999996,1.4210854715202004E-12,3.655610235110808,-0.0131891833196664
0.05,227.15728880730933,265.0905087689751,245.57147244291735,5.752943181532437,-100.0,-8.526512829121202E-13,3.6623037054642333,-0.012967579289703926
0.05,227.01630309992282,265.00940936139824,245.73411960199397,0.7529431815324372,-100.0,0.0,3.6648934497518764,-0.012882239915673659
0.05,227.00000000000014,265.0000000000001,245.7529431815323,0.0,-15.058863630648744,1698.822727387025,3.665191429188089,-0.012872434932536404
0.05,227.00000000000014,265.0000000000001,245.7529431815323,0.0,0.0,301.1772726129749,3.665191429188089,-0.012872434932536404
false
Max velocity: 100.0
Max acceleration: 100.0
Max jerk: 5000.0
Waypoint 1: x: 212.0 y: 63.0 theta: 90.0
Waypoint 2: x: 212.0 y: 120.0 theta: 90.0
Waypoint 3: x: 260.0 y: 252.0 theta: 105.0
Waypoint 4: x: 227.0 y: 265.0 theta: 29.999999999999996
end
30.0