53
0.05,300.999998187685,15.312500000019643,0.3125,12.5,250.0,5000.0,1.5708137141254261,-3.7655042931572947E-4
0.05,300.99977513512204,16.562499971178816,1.5625,37.5,500.0,5000.0,1.5712267495342023,-0.0018514928804741842
0.05,300.9961038596846,19.0624966547034,4.0625,62.5,500.0,0.0,1.5736517508999632,-0.004626291477710126
0.05,300.9728444757625,22.812415829357526,7.8125,87.5,500.0,0.0,1.581083084444815,-0.008259762442431862
0.05,300.8831648322533,27.811554442771516,12.8125,112.5,500.0,0.0,1.5975973359939082,-0.011973240773141675
0.05,300.6260918822863,34.0560233187255,19.0625,137.5,500.0,0.0,1.6280199462217184,-0.014779046582191731
0.05,300.0533662103123,41.21999913959333,26.25,150.0,250.0,-5000.0,1.6751693072293286,-0.015872168400232093
0.05,299.0510591290421,48.65153789845697,33.75,150.0,0.0,-5000.0,1.7364089928897042,-0.015335781678850982
0.05,297.5584389317697,55.999903292006266,41.25,150.0,0.0,0.0,1.8073195807548468,-0.013857449501640712
0.05,295.5245302282347,63.216921856252995,48.75,150.0,0.0,0.0,1.8843449758814839,-0.012002560715675526
0.05,292.9321966847422,70.25258739167523,56.25,150.0,0.0,0.0,1.9632287695508523,-0.010108775125936815
0.05,289.7995631066285,77.06501772223167,63.75,150.0,0.0,0.0,2.039625853392024,-0.008343173983056368
0.05,286.1745518695966,83.62902283047863,71.25,150.0,0.0,0.0,2.109827015927351,-0.006766153943213646
0.05,282.1245371817322,89.94009971740945,78.75,150.0,0.0,0.0,2.171225328476533,-0.005380301387807358
0.05,277.7253077257436,96.01336146855553,86.25,150.0,0.0,0.0,2.222366866443346,-0.00416151929455526
0.05,273.05271457470457,101.87930051898508,93.75,150.0,0.0,0.0,2.262695007499168,-0.0030762508354969294
0.05,268.17812806642155,107.57880223556734,101.25,150.0,0.0,0.0,2.292192988730303,-0.0020896586648984066
0.05,263.1671317304757,113.15896689087215,108.75,150.0,0.0,0.0,2.311069231460617,-0.0011686331960735544
0.05,258.0803302160486,118.67023770843049,116.25,150.0,0.0,0.0,2.319537220756461,-2.821322312691135E-4
0.05,252.97530971614498,124.1646659165416,123.75,150.0,0.0,0.0,2.317686131048148,5.997576710424815E-4
0.05,247.90913436149054,129.69486973597412,131.25,150.0,0.0,0.0,2.3054232486249733,0.001507361257039114
0.05,242.94101229523253,135.31316905127272,138.75,150.0,0.0,0.0,2.2824765926776096,0.002473258526203169
0.05,238.13482972359475,141.0703539496219,146.25,150.0,0.0,0.0,2.2484619623301145,0.0035342661634387832
0.05,233.5611066993353,147.0135328295861,153.75,150.0,0.0,0.0,2.2030344952696703,0.0047332999792065325
0.05,229.2975822436336,153.18258282153278,161.25,150.0,0.0,0.0,2.146150258799272,0.006120492093248326
0.05,225.42720587543585,159.60509576328798,168.75,150.0,0.0,0.0,2.078438440441096,0.007752148975474513
0.05,222.03219554209997,166.29061723022517,176.25,150.0,0.0,0.0,2.001605571857901,0.009684772159477197
0.05,219.18373902939933,173.22632245254138,183.75,150.0,0.0,0.0,1.9186730623716894,0.011959377956903583
0.05,216.9292926113573,180.3771021002828,191.25,150.0,0.0,0.0,1.8337987147751746,0.014568983928580661
0.05,215.2820911763581,187.6918141667214,198.75,150.0,0.0,0.0,1.751608772253045,0.017400196769157886
0.05,214.21763497507342,195.11409983928112,206.25,150.0,0.0,0.0,1.6763210937614406,0.020141205698816222
0.05,213.6783177661255,202.59335008732762,213.75,150.0,0.0,0.0,1.6111240463729826,0.02216245722585413
0.05,213.58286337688224,210.0918615400857,221.25,150.0,0.0,0.0,1.558072394956303,0.022423167599505613
0.05,213.8356114503851,217.58710850103472,228.75,150.0,0.0,0.0,1.5184178093313492,0.019554187211668433
0.05,214.33217242673322,225.07045073690276,236.25,150.0,0.0,0.0,1.4931449865546726,0.01235864757569313
0.05,214.9601178462715,232.54408636062766,243.75,150.0,0.0,0.0,1.4835632787166921,8.114225070773955E-4
0.05,215.63883745802616,240.01327360209618,251.25,150.0,0.0,0.0,1.4727921515444728,0.0019735756369879108
0.05,216.49095740337174,247.46429326904493,258.75,150.0,0.0,0.0,1.43651907289143,0.00424687022425885
0.05,217.72121854244568,254.8612894328634,266.25,150.0,0.0,0.0,1.3697238713903426,0.007020524459243504
0.05,219.57988519376835,262.12367169871965,273.75,150.0,0.0,0.0,1.2631625585645547,0.010824747030005152
0.05,222.37184969219544,269.07624184279206,281.25,150.0,0.0,0.0,1.1053905896393665,0.016670497513304718
0.05,226.3933224679353,275.3903503296392,288.75,150.0,0.0,0.0,0.8942326871610957,0.026630208655737633
0.05,231.73374972433243,280.6311419059895,296.25,150.0,0.0,0.0,0.6576734160846074,0.04495723363926811
0.05,238.12355370087013,284.5310895217167,303.75,150.0,0.0,0.0,0.44601233208344837,0.08026727206176767
0.05,245.0876911801185,287.1739920023012,311.2064605664554,148.25842265821683,-34.8315468356634,-696.630936713268,0.28873127332047055,0.14958268036785388
0.05,251.94815649015612,288.81450408980595,318.2633422658217,134.01684531643366,-284.8315468356634,-5000.0,0.1877226273646908,0.2737743869716407
0.05,257.9481183301686,289.76660525309524,324.33918453164335,109.01684531643366,-500.0,-4303.369063286732,0.13123969088963772,0.4283641767202349
0.05,262.7413216058514,290.3255644539949,329.16502679746503,84.01684531643365,-500.0000000000003,-5.6843418860808015E-12,0.1032903174981904,0.486995637650832
0.05,266.300414357105,290.67104580394613,332.7408690632867,59.01684531643365,-499.99999999999983,9.094947017729282E-12,0.0914917501511251,0.35549780173268103
0.05,268.6169650991948,290.8787207809002,335.0667113291084,34.01684531643365,-500.0,-3.410605131648481E-12,0.08786613263537946,0.15269751670372186
0.05,269.73206308727276,290.9765565123478,336.18609302847466,10.758422658216826,-465.1684531643365,696.6309367132703,0.08728917529550917,0.030565883404466393
0.05,269.99999999999994,291.0,336.45505359493006,0.0,-215.1684531643365,4999.999999999999,0.08726646259971749,-1.0561768332377558E-15
0.05,269.99999999999994,291.0,336.45505359493006,0.0,0.0,4303.36906328673,0.08726646259971749,-1.0561768332377558E-15
true
Max velocity: 150.0
Max acceleration: 500.0
Max jerk: 5000.0
Waypoint 1: x: 301.0 y: 15.0 theta: 90.0
Waypoint 2: x: 215.0 y: 233.0 theta: 85.0
Waypoint 3: x: 270.0 y: 291.0 theta: 5.0
end
20.0
