69
0.05,212.00000000790467,63.125000000000036,0.125,5.0,100.0,2000.0,1.5707961370866208,2.8079838629952414E-6
0.05,212.0000005058071,63.49999999999965,0.5,10.0,100.0,0.0,1.5707932922002175,1.1227860082844656E-5
0.05,212.00000575965564,64.12499999997381,1.125,15.0,100.0,0.0,1.5707809706604412,2.5246837619032808E-5
0.05,212.00003234660403,64.99999999952988,2.0,20.0,100.0,0.0,1.5707478244273756,4.484171014753027E-5
0.05,212.00012331453388,66.12499999562299,3.125,25.0,100.0,0.0,1.5706780165479297,6.997600523723271E-5
0.05,212.00036790876996,67.49999997294637,4.5,30.0,100.0,0.0,1.5705512859207416,1.0059594779447201E-4
0.05,212.00092673681277,69.12499987391672,6.125,35.0,100.0,0.0,1.5703430512471597,1.3662517486596085E-4
0.05,212.00206215841686,70.99999952220206,8.0,40.0,100.0,0.0,1.5700245697317052,1.779580960417928E-4
0.05,212.00417356970956,73.12499845437972,10.125,45.0,100.0,0.0,1.5695631696388017,2.2445173244635172E-4
0.05,212.00783708815618,75.49999558818524,12.5,50.0,100.0,0.0,1.568922579441322,2.7591578388599936E-4
0.05,212.01384893160315,78.12498862313984,15.125,55.00000000000001,100.00000000000014,2.8421709430404007E-12,1.5680633800507078,3.321005646737055E-4
0.05,212.02327151050036,80.9999730319362,18.0,60.0,99.99999999999986,-5.6843418860808015E-12,1.5669436105400383,3.926823110480016E-4
0.05,212.0374809082947,84.12494046246083,21.125,65.0,100.0,2.8421709430404007E-12,1.5655195618939457,4.5724519499987226E-4
0.05,212.05821400088357,87.49987633656865,24.5,70.0,100.0,0.0,1.5637467976510442,5.252591805671966E-4
0.05,212.08761295142713,91.12475641251555,28.125,75.0,100.0,0.0,1.561581444804309,5.960526324026686E-4
0.05,212.12826420118307,94.99954208604707,32.0,80.0,100.0,0.0,1.5589818028718379,6.68778341631846E-4
0.05,212.1832283505229,99.1241742586876,36.125,85.0,100.0,0.0,1.55591032341047,7.423713897533117E-4
0.05,212.25605647918377,103.49856572233764,40.5,90.0,100.0,0.0,1.5523360160436468,8.154970635124727E-4
0.05,212.35078748738349,108.12259222289521,45.125,95.0,100.0,0.0,1.5482373397916325,8.864869256553266E-4
0.05,212.47191995230816,112.9960826989848,50.0,100.0,100.0,0.0,1.543605639499814,9.532612446518965E-4
0.05,212.62031615631355,117.99387479957394,55.0,100.0,0.0,-2000.0,1.5385779493658314,0.001011909866046209
0.05,212.79441061846893,122.99083725257412,60.0,100.0,0.0,0.0,1.5333319011823312,0.001059175760657435
0.05,212.99512100833513,127.986801088701,65.0,100.0,0.0,0.0,1.527935929599632,0.0010935044910226554
0.05,213.2230080683246,132.98159889023526,70.0,100.0,0.0,0.0,1.522463986869664,0.0011132240541263047
0.05,213.4782484266729,137.97507363493406,75.0,100.0,0.0,0.0,1.5169954749786572,0.0011165566417743282
0.05,213.76060794002638,142.96708853507357,80.0,100.0,0.0,0.0,1.5116151635874229,0.0011016381356551978
0.05,214.06941561945374,147.9575375532467,85.0,100.0,0.0,0.0,1.5064131016586475,0.0010665467206566637
0.05,214.40353813176606,152.94635620128042,90.0,100.0,0.0,0.0,1.5014845328913415,0.0010093419419308332
0.05,214.76135479332453,157.93353215342083,95.0,100.0,0.0,0.0,1.4969298267708055,9.281153418591716E-4
0.05,215.14073289066647,162.91911513001216,100.0,100.0,0.0,0.0,1.4928544378856843,8.21053454001319E-4
0.05,215.53900307781544,167.90322543228453,105.0,100.0,0.0,0.0,1.4893689058474302,6.865133656295486E-4
0.05,215.95293452260705,172.88606043000914,110.0,100.0,0.0,0.0,1.4865889063310096,5.231102598291142E-4
0.05,216.37870941452886,177.86789821803015,115.0,100.0,0.0,0.0,1.484635360057032,3.2981529990981574E-4
0.05,216.81189641781563,182.8490975604122,120.0,100.0,0.0,0.0,1.4836346005056444,1.0606093679025967E-4
0.05,217.2469110276252,187.8301377506064,125.0,100.0,0.0,0.0,1.4842325173745925,-2.8236965082224216E-4
0.05,217.67169958487733,192.81205827396465,130.0,100.0,0.0,0.0,1.4874663286263412,-4.518120442119594E-4
0.05,218.07952770191025,197.7953960892907,135.0,100.0,0.0,0.0,1.4905467880910652,-2.547029767862401E-4
0.05,218.47813849510325,202.77948163531696,140.0,100.0,0.0,0.0,1.4907481827724671,2.5263841569168476E-4
0.05,218.88782844721445,207.7626634635235,145.0,100.0,0.0,0.0,1.4857347690159342,0.0010317453581361379
0.05,219.33991286485593,212.7421514777366,150.0,100.0,0.0,0.0,1.4733766617699424,0.002070404806974809
0.05,219.87616527891592,217.71321157080368,155.0,100.0,0.0,0.0,1.4515271556968812,0.0033885075517167368
0.05,220.54924703414557,222.66746146747062,160.0,100.0,0.0,0.0,1.4178025102762495,0.005046205802066097
0.05,221.42382237530234,227.58988390914152,165.0,100.0,0.0,0.0,1.3694172653964876,0.007159394544294266
0.05,222.57744747601998,232.45404017976722,170.0,100.0,0.0,0.0,1.3031959448703654,0.0099294128447093
0.05,224.09906365299292,237.21522226622037,175.0,100.0,0.0,0.0,1.2160324544284902,0.013698445063584929
0.05,226.08095037091073,241.80292191173908,180.0,100.0,0.0,0.0,1.1062354013651077,0.01905071801364307
0.05,228.59923734134006,246.11833571788972,185.0,100.0,0.0,0.0,0.975938593845144,0.02699561799672188
0.05,231.62507703965758,249.98194917376372,189.91149444303235,96.45977772129359,-70.80444557412818,-1416.0889114825636,0.8358210119284741,0.039035642747694346
0.05,235.00067983837795,253.24436130079334,194.60948332909703,91.4597777212936,-99.99999999999972,-583.9110885174307,0.7018700711811048,0.057264482586800315
0.05,238.56042415392133,255.90710261021414,199.0574722151617,86.45977772129359,-100.00000000000028,-1.1368683772161603E-11,0.5847807174629696,0.0850538290909386
0.05,242.16991366384946,258.0474248669968,203.2554611012264,81.4597777212936,-99.99999999999972,1.1368683772161603E-11,0.48816517571209395,0.12805720808853746
0.05,245.7265075272358,259.75901756157964,207.20344998729107,76.45977772129359,-100.00000000000028,-1.1368683772161603E-11,0.411141116697621,0.19595578939717673
0.05,249.160067083345,261.13075036561446,210.90143887335574,71.45977772129359,-100.0,5.6843418860808015E-12,0.3508669944198163,0.30604351089715937
0.05,252.4252736800557,262.23749990045985,214.34942775942042,66.4597777212936,-99.99999999999972,5.6843418860808015E-12,0.3041848206656361,0.49069597792679104
0.05,255.49348447550355,263.1386759206252,217.5474166454851,61.4597777212936,-100.00000000000014,-8.526512829121202E-12,0.2683028755629342,0.8140278770337892
0.05,258.34665632366784,263.8799634403241,220.49540553154978,56.459777721293605,-99.99999999999986,5.6843418860808015E-12,0.24095455393829412,1.4122937829172586
0.05,260.973357694164,264.4958582574619,223.19339441761446,51.4597777212936,-100.00000000000014,-5.6843418860808015E-12,0.22035288627246308,2.6030921551108293
0.05,263.36628198647406,265.01204288155225,225.64138330367913,46.4597777212936,-100.0,2.8421709430404007E-12,0.2050919227926472,5.22760874417963
0.05,265.5207232771644,265.4473459537074,227.8393721897438,41.4597777212936,-100.0,0.0,0.19405144927566254,11.982853540264385
0.05,267.4336420996964,265.8152907390722,229.7873610758085,36.4597777212936,-100.0,0.0,0.18632112576201,34.82177521560556
0.05,269.1030869858115,266.1253126508303,231.48534996187317,31.459777721293598,-100.0,0.0,0.18114564657991683,181.13877507357185
0.05,270.52782920869663,266.3837300545398,232.93333884793785,26.459777721293598,-100.0,0.0,0.17788826991342588,311624.585485265
0.05,271.70712487629606,266.5945348852604,234.13132773400253,21.459777721293598,-100.0,0.0,0.17600928426787565,235.40844217118817
0.05,272.6405531772232,266.76004762476873,235.0793166200672,16.459777721293598,-100.0,0.0,0.1750560781615612,63.627925742309415
0.05,273.3279011644529,266.88146106441803,235.77730550613188,11.459777721293598,-100.0,0.0,0.17466161802802194,24.60916569886191
0.05,273.76907920671897,266.95928122203003,236.22529439219656,6.459777721293598,-100.0,0.0,0.17454818344041867,7.953439420343521
0.05,273.9640599903351,266.9936628020341,236.42328327826124,1.459777721293598,-100.0,0.0,0.17453329553582853,1.2307671925321904
0.05,274.0,267.0,236.4597777212936,0.0,-29.19555442587196,1416.0889114825607,0.17453292519943242,1.0307038058097889E-12
0.05,274.0,267.0,236.4597777212936,0.0,0.0,583.9110885174392,0.17453292519943242,1.0307038058097889E-12
true
Max velocity: 100.0
Max acceleration: 100.0
Max jerk: 5000.0
Waypoint 1: x: 212.0 y: 63.0 theta: 90.0
Waypoint 2: x: 217.0 y: 185.0 theta: 85.0
Waypoint 3: x: 274.0 y: 267.0 theta: 10.0
end
28.0
