42
0.05,212.0,63.123830081122726,0.12383008112272659,4.953203244909063,99.06406489818126,1981.281297963625,1.5707963267948966,0.0
0.05,212.0,63.49532032449092,0.49532032449090635,9.906406489818126,99.06406489818126,0.0,1.5707963267948966,0.0
0.05,212.0,64.11447073010457,1.1144707301045393,14.859609734727188,99.06406489818124,-2.8421709430404007E-13,1.5707963267948966,0.0
0.05,212.0,64.98128129796342,1.9812812979636254,19.812812979636252,99.06406489818127,5.684341886080801E-13,1.5707963267948966,0.0
0.05,212.0,66.09575202806812,3.0957520280681647,24.766016224545314,99.06406489818124,-5.684341886080801E-13,1.5707963267948966,0.0
0.05,212.0,67.45788292041864,4.457882920418157,29.719219469454377,99.06406489818124,0.0,1.5707963267948966,0.0
0.05,212.0,69.06767397501288,6.067673975013602,34.672422714363435,99.06406489818117,-1.4210854715202004E-12,1.5707963267948966,0.0
0.05,212.0,70.92512519185192,7.925125191854502,39.625625959272504,99.06406489818139,4.263256414560601E-12,1.5707963267948966,0.0
0.05,212.0,73.03023657093617,10.030236570940854,44.57882920418157,99.06406489818124,-2.8421709430404007E-12,1.5707963267948966,0.0
0.05,212.0,75.38300811226563,12.383008112272659,49.53203244909063,99.06406489818124,0.0,1.5707963267948966,0.0
0.05,212.0,77.98343981584028,14.983439815849916,54.4852356939997,99.06406489818139,2.8421709430404007E-12,1.5707963267948966,0.0
0.05,212.0,80.83153168166015,17.83153168167263,59.43843893890875,99.0640648981811,-5.6843418860808015E-12,1.5707963267948966,0.0
0.05,212.0,83.92728370973592,20.927283709740795,64.39164218381782,99.06406489818139,5.6843418860808015E-12,1.5707963267948966,0.0
0.05,212.0,87.27069590006475,24.270695900054413,69.34484542872687,99.06406489818096,-8.526512829121202E-12,1.5707963267948966,0.0
0.05,212.0,90.86176825264016,27.861768252613484,74.29804867363595,99.06406489818153,1.1368683772161603E-11,1.5707963267948966,0.0
0.05,212.0,94.70050076746216,31.700500767418006,79.25125191854501,99.06406489818124,-5.6843418860808015E-12,1.5707963267948966,0.0
0.05,212.0,98.78689344453073,35.786893444467985,84.20445516345407,99.06406489818124,0.0,1.5707963267948966,0.0
0.05,211.99799942884587,103.12094459938271,40.120946283763416,89.15765840836313,99.06406489818124,0.0,1.5735914622836744,-0.0046914567844441755
0.05,211.94161750589913,107.70221307429802,44.7026592853043,94.1108616532722,99.06406489818124,0.0,1.5959377277493245,-0.01173191403975408
0.05,211.7262112772683,112.5264319037172,49.532032449090636,99.06406489818126,99.06406489818124,0.0,1.6373390083322974,-0.014839662256281689
0.05,211.27881945989915,117.36093567240405,54.3877582614093,95.16496759456525,-77.98194607232006,-3540.9202194100258,1.6900579309499544,-0.014804748534456631
0.05,210.60343111952525,121.94530268666199,59.02217656001484,90.21176434965619,-99.06406489818124,-421.64237651722374,1.7441908798659411,-0.013135149600071087
0.05,209.7385695996302,126.24550267701338,63.40893469637493,85.25856110474713,-99.06406489818124,0.0,1.7937035203901288,-0.010913425948273374
0.05,208.7376422456345,130.2614449727113,67.54803267048956,80.30535785983807,-99.06406489818124,0.0,1.8353719250154699,-0.008664475538216568
0.05,207.6566736143072,133.99955210772637,71.43947048235874,75.352154614929,-99.06406489818124,0.0,1.8680524685147093,-0.006604708738124111
0.05,206.5458482622166,137.46978926383557,75.08324813198247,70.39895137001994,-99.06406489818124,0.0,1.892021876901338,-0.004807470663331767
0.05,205.44577157772395,140.68276112536728,78.47936561936075,65.44574812511088,-99.06406489818124,0.0,1.9083636876350862,-0.0032878027549671377
0.05,204.38681717132843,143.64777609277706,81.62782294449357,60.49254488020181,-99.06406489818139,-2.8421709430404007E-12,1.918517151969271,-0.002040101277433819
0.05,203.39010660158579,146.3719587511693,84.52862010738093,55.53934163529276,-99.0640648981811,5.6843418860808015E-12,1.923988073755011,-0.0010522362395364326
0.05,202.46917203245593,148.86013330609444,87.18175710802284,50.58613839038369,-99.06406489818139,-5.6843418860808015E-12,1.926177598334468,-3.090003340684674E-4
0.05,201.6317776068518,151.11514757919045,89.58723394641929,45.632935145474626,-99.06406489818124,2.8421709430404007E-12,1.9262872270096258,2.0859208382007302E-4
0.05,200.88163153400382,153.13837600629626,91.74505062257029,40.679731900565564,-99.06406489818124,0.0,1.925273131769306,5.248623472692617E-4
0.05,200.21985429017712,154.93023206995295,93.65520713647584,35.7265286556565,-99.06406489818124,0.0,1.9238347970077516,6.702517049821749E-4
0.05,199.64613946901096,156.49059900296797,95.31770348813593,30.773325410747436,-99.06406489818131,-1.4210854715202004E-12,1.9224291681541283,6.807023902782714E-4
0.05,199.15958997999653,157.81914362970278,96.73253967755058,25.820122165838377,-99.06406489818117,2.8421709430404007E-12,1.9213035745480327,5.956881168364837E-4
0.05,198.75924825688983,158.91551323744056,97.89971570471977,20.866918920929315,-99.06406489818124,-1.4210854715202004E-12,1.9205410167844676,4.5537234717386534E-4
0.05,198.4443672307516,159.77943415519508,98.8192315696435,15.91371567602025,-99.06406489818131,-1.4210854715202004E-12,1.920111457717256,2.9752720278288907E-4
0.05,198.21448731855224,160.41073860618576,99.49108727232179,10.960512431111187,-99.06406489818124,1.4210854715202004E-12,1.9199231406972495,1.5476064968653912E-4
0.05,198.06939221116536,160.80934777101885,99.91528281275463,6.007309186202124,-99.06406489818126,-2.8421709430404007E-13,1.9198687502960146,5.237377429554914E-5
0.05,198.00901313755494,160.97523661097347,100.091818190942,1.0541059412930613,-99.06406489818126,0.0,1.9198622894395172,6.927984337169931E-6
0.05,198.0,161.0,100.11817083947433,0.0,-21.082118825861226,1559.6389214464004,1.9198621771937634,-1.1055175377786527E-17
0.05,198.0,161.0,100.11817083947433,0.0,0.0,421.6423765172245,1.9198621771937634,-1.1055175377786527E-17
false
Max velocity: 100.0
Max acceleration: 100.0
Max jerk: 5000.0
Waypoint 1: x: 212.0 y: 63.0 theta: 90.0
Waypoint 2: x: 212.0 y: 101.0 theta: 90.0
Waypoint 3: x: 198.0 y: 161.0 theta: -70.0
end
