38
0.05,238.00000057584256,262.80123964879607,0.19876035120106064,7.9504140480424255,159.0082809608485,3180.16561921697,4.712397666441503,-1.805918191735796E-4
0.05,238.00003664689083,262.20495859668796,0.7950414048042426,15.900828096084851,159.0082809608485,0.0,4.712526917942194,-7.139388107441201E-4
0.05,238.0004135544396,261.21115692484005,1.7888431608095456,23.851242144127276,159.0082809608485,0.0,4.713078668938722,-0.0015735032397341724
0.05,238.00229373164905,259.8198358599039,3.1801656192169703,31.801656192169702,159.0082809608485,0.0,4.714531528755509,-0.0027114403943338753
0.05,238.00860698494537,258.03100450163356,4.969008780026517,39.752070240212134,159.00828096084865,2.8421709430404007E-12,4.717506608355105,-0.0040551030671480874
0.05,238.02519402020883,255.84470604525293,7.155372643238184,47.70248428825455,159.00828096084837,-5.6843418860808015E-12,4.722724125024571,-0.0055057854156197895
0.05,238.06206905012615,253.26109192334908,9.739257208851972,55.652898336296985,159.00828096084865,5.6843418860808015E-12,4.730953006602764,-0.006942522204914681
0.05,238.1346676681121,250.2805886169855,12.720662476867883,63.603312384339404,159.00828096084837,-5.6843418860808015E-12,4.742953778694743,-0.008232873306415096
0.05,238.26492078994994,246.90421234183918,16.099588447285914,71.55372643238184,159.00828096084865,5.6843418860808015E-12,4.759412297136697,-0.009250302784237118
0.05,238.48195411003917,243.13407989940816,19.876035120106067,79.50414048042427,159.00828096084865,0.0,4.7808595633218385,-0.009894583204923967
0.05,238.822152358066,238.97412419203053,24.050002495328343,87.4545545284667,159.00828096084865,0.0,4.807572931554575,-0.010109181652468432
0.05,239.32826626634855,234.43093378646475,28.621490572952737,95.4049685765091,159.00828096084808,-1.1368683772161603E-11,4.839459141940963,-0.009889575814291566
0.05,240.04722885172373,229.51449194899698,33.59049935297925,103.35538262455154,159.00828096084865,1.1368683772161603E-11,4.875931920882752,-0.009279466394087539
0.05,241.02646899451562,224.23842290200744,38.95702883540789,111.30579667259397,159.00828096084865,0.0,4.915814912798835,-0.008356493430773701
0.05,242.3088332545975,218.6192556300381,44.72107902023865,119.2562107206364,159.00828096084865,0.0,4.957315376742014,-0.007212804997274606
0.05,243.92671110516733,212.67432892220597,50.88264990747153,127.20662476867881,159.00828096084808,-1.1368683772161603E-11,4.998109446702325,-0.005936844534199067
0.05,245.89638216372217,206.41836818654508,57.441741497106534,135.15703881672124,159.00828096084865,1.1368683772161603E-11,5.035545603766963,-0.004601044467274129
0.05,248.21365919131154,199.85935136676144,64.39835378914366,143.10745286476367,159.00828096084865,0.0,5.066923816027534,-0.003257248057013285
0.05,250.7437994252322,193.26669240387315,71.45999733319158,139.35828889715305,-74.98327935221255,-4679.831206261224,5.089081134223369,-0.0019897028687234997
0.05,253.27581953070745,186.98897146311194,78.22915142684818,131.4078748491106,-159.00828096084865,-1680.500032172722,5.100932659512297,-8.720026662064562E-4
0.05,255.70236412751572,181.09748956471674,84.60078481810265,123.4574608010682,-159.00828096084837,5.6843418860808015E-12,5.103979262118613,8.738136035867886E-5
0.05,257.97495533365594,175.57251818469172,90.574897506955,115.50704675302576,-159.00828096084865,-5.6843418860808015E-12,5.100275316639504,8.934438151947292E-4
0.05,260.0642760643562,170.40212836551575,96.15148949340522,107.55663270498333,-159.00828096084865,0.0,5.091833537469066,0.001544551324522561
0.05,261.95650773806955,165.58113772315892,101.33056077745333,99.6062186569409,-159.00828096084865,0.0,5.080506768829439,0.0020351035057278363
0.05,263.64964128030283,161.10942425057527,106.11211135909932,91.65580460889849,-159.00828096084808,1.1368683772161603E-11,5.06790463237537,0.002359628852822442
0.05,265.1499289428517,156.9901280384787,110.49614123834318,83.70539056085606,-159.00828096084865,-1.1368683772161603E-11,5.055334566912659,0.002517165249623719
0.05,266.46863111238633,153.22806710088992,114.48265041518492,75.75497651281363,-159.00828096084865,0.0,5.043768990536089,0.002514868518022009
0.05,267.619224609394,149.82852788625712,118.07163888962454,67.80456246477121,-159.00828096084837,5.6843418860808015E-12,5.0338413582915,0.0023699478177523128
0.05,268.61521232872553,146.79646242608456,121.26310666166204,59.854148416728776,-159.00828096084865,-5.6843418860808015E-12,5.025869823089763,0.0021094477661472415
0.05,269.46860649356745,144.13604226864823,124.05705373129742,51.90373436868635,-159.0082809608485,2.8421709430404007E-12,5.019902980961323,0.0017680094919153846
0.05,270.1890748357284,141.85048401192307,126.45348009853068,43.953320320643925,-159.0082809608485,0.0,5.015780101651607,0.0013843026632821566
0.05,270.7836661837598,139.94205985603594,128.4523857633618,36.00290627260149,-159.00828096084865,-2.8421709430404007E-12,5.013198304274555,9.970927041309812E-4
0.05,271.25698272851554,138.41222168987605,130.05377072579083,28.05249222455907,-159.00828096084842,4.547473508864641E-12,5.011780311014959,6.418128220016332E-4
0.05,271.6116427919042,137.2617846660583,131.25763498581773,20.102078176516645,-159.0082809608485,-1.7053025658242404E-12,5.011137777587321,3.4815169606516844E-4
0.05,271.8488764704873,136.49112902817035,132.06397854344252,12.151664128474218,-159.00828096084854,-5.684341886080801E-13,5.010926351215348,1.387398991733761E-4
0.05,271.96911174091565,136.10038664925963,132.47280139866515,4.201250080431793,-159.0082809608485,5.684341886080801E-13,5.010889530381579,2.869160431630012E-5
0.05,272.0,136.0,132.57783265067596,0.0,-84.02500160863585,1499.6655870442532,5.010887911970871,0.0
0.05,272.0,136.0,132.57783265067596,0.0,0.0,1680.5000321727168,5.010887911970871,0.0
false
Max velocity: 150.0
Max acceleration: 160.0
Max jerk: 5000.0
Waypoint 1: x: 238.0 y: 263.0 theta: 270.0
Waypoint 2: x: 272.0 y: 136.0 theta: -72.89727103094764
end
50.0
