33
0.05,211.1184210079084,264.0000004398145,0.118421007897062,4.73684031588248,94.7368063176496,1894.7361263529917,1.1137271548000705E-5,-0.006586112234744219
0.05,211.4736840301461,264.00002804346326,0.473684031588248,9.47368063176496,94.7368063176496,0.0,1.7732025479011426E-4,-0.026085364966355117
0.05,212.06578898618042,264.00031755561747,1.0657890710735582,14.21052094764744,94.7368063176496,0.0,8.90804404647616E-4,-0.05740354443008706
0.05,212.89473464285857,264.0017707181258,1.8947361263529923,18.94736126352992,94.7368063176496,0.0,0.0027881841795796003,-0.09779034980332307
0.05,213.96051163888401,264.00669616576107,2.9605251974265503,23.684201579412402,94.73680631764964,8.526512829121202E-13,0.006734432826668524,-0.14199690043666624
0.05,215.2630739485555,264.01981364453803,4.263156284294232,28.42104189529488,94.73680631764957,-1.4210854715202004E-12,0.013817607086750283,-0.18231456591423434
0.05,216.80225162250326,264.04953137294217,5.802629386956038,33.15788221117736,94.73680631764957,0.0,0.025366558203000156,-0.21034829330288368
0.05,218.57752937272227,264.109551785162,7.578944505411968,37.89472252705984,94.73680631764964,1.4210854715202004E-12,0.04300282124441557,-0.22020761109137174
0.05,220.5875480812054,264.22091920464436,9.592101639662022,42.63156284294232,94.73680631764964,0.0,0.06873423506161513,-0.2111253372659992
0.05,222.82906534549176,264.4146685972078,11.842100789706201,47.368403158824805,94.73680631764964,0.0,0.10508763695074319,-0.18743630981735343
0.05,225.29490070323655,264.73519646988393,14.328941955544504,52.10524347470728,94.7368063176495,-2.8421709430404007E-12,0.1552470589536793,-0.15602797337666674
0.05,227.97007662094657,265.24415519255706,17.052625137176932,56.84208379058976,94.73680631764964,2.8421709430404007E-12,0.22307663870886352,-0.12334484248703365
0.05,230.8251249218721,266.0236025925562,20.01315033460348,61.57892410647224,94.73680631764964,0.0,0.31270200365993933,-0.09370906510157204
0.05,233.80625991780923,267.17462220295045,23.210517547824153,66.31576442235472,94.7368063176495,-2.8421709430404007E-12,0.4270045657634692,-0.06915792331973578
0.05,236.82611533461946,268.80423969403876,26.64472677683895,71.0526047382372,94.73680631764978,5.6843418860808015E-12,0.5644654559876052,-0.0500651118847549
0.05,239.63774209049808,270.88398546764694,30.145001784810216,68.95839558061333,-41.88418315247759,-2732.4197894025474,0.7088413384823046,-0.036405688548722635
0.05,242.01601867428377,273.21077836828385,33.47450055594382,64.22155526473085,-94.7368063176495,-1057.0524633034381,0.837823693900111,-0.027224162057087775
0.05,243.9577435017751,275.6160765418181,36.5671573112833,59.48471494884837,-94.73680631764964,-2.8421709430404007E-12,0.9426787709584286,-0.020973724778302213
0.05,245.53704462505914,277.9945175964312,39.42297205082866,54.747874632965896,-94.7368063176495,2.8421709430404007E-12,1.0240729025031994,-0.01654215504444185
0.05,246.82658921180322,280.27353595014097,42.041944774579896,50.011034317083414,-94.73680631764964,-2.8421709430404007E-12,1.0856628644629462,-0.01327221745767894
0.05,247.88704308545115,282.40637141223374,44.424075482537006,45.27419400120093,-94.73680631764964,0.0,1.1315852357141414,-0.010773095603235056
0.05,248.76512371482178,284.3636138863213,46.56936417469999,40.53735368531845,-94.73680631764964,0.0,1.1654518270968768,-0.008808321055977267
0.05,249.4952443078823,286.12682333194806,48.47781085106885,35.800513369435976,-94.7368063176495,2.8421709430404007E-12,1.190145113389149,-0.007232014101039987
0.05,250.10202679679867,287.68438673334776,50.14941551164359,31.063673053553494,-94.73680631764964,-2.8421709430404007E-12,1.2078979745359015,-0.0059528529633193035
0.05,250.60265574802764,289.02896382116535,51.5841781564242,26.326832737671012,-94.73680631764964,0.0,1.2204311840210043,-0.004913363036735344
0.05,251.0088113543979,290.15592545375455,52.78209878541069,21.589992421788534,-94.73680631764957,1.4210854715202004E-12,1.229073761705596,-0.004077623947237683
0.05,251.32818508664428,291.06238557455526,53.74317739860305,16.85315210590605,-94.73680631764964,-1.4210854715202004E-12,1.2348503297133084,-0.0034236640527266723
0.05,251.5656449824329,291.7465864603918,54.46741399600129,12.116311790023573,-94.73680631764957,1.4210854715202004E-12,1.2385384860228064,-0.0029385434605221326
0.05,251.7241138406628,292.2074996913255,54.954808577605405,7.379471474141092,-94.73680631764961,-8.526512829121202E-13,1.2407036002116254,-0.0026150649488505522
0.05,251.80520405614334,292.44456710738393,55.205361143415395,2.642631158258612,-94.7368063176496,2.8421709430404007E-13,1.2417182248156369,-0.002449565597062542
0.05,251.82654654148706,292.50709058656105,55.27142692237186,0.0,-52.85262316517224,837.683663049547,1.2419746770157312,-0.0024060068778063485
0.05,251.82654654148706,292.50709058656105,55.27142692237186,0.0,0.0,1057.0524633034447,1.2419746770157312,-0.0024060068778063485
0.05,251.82654654148706,292.50709058656105,55.27142692237186,0.0,0.0,0.0,1.2419746770157312,-0.0024060068778063485
true
Max velocity: 100.0
Max acceleration: 100.0
Max jerk: 5000.0
Waypoint 1: x: 211.0 y: 264.0 theta: 0.0
Waypoint 2: x: 253.0 y: 296.0 theta: 71.56505117707799
end
