35
0.05,236.1917199281137,153.99999959737357,0.19171992809609048,7.668797123843619,153.37594247687235,3067.518849537447,6.283179008235048,4.609164703048244E-5
0.05,236.76687971165768,153.99997427775443,0.7668797123843619,15.337594247687237,153.37594247687235,0.0,6.283084760158768,1.8371556863668923E-4
0.05,237.72547930849913,153.99970780772063,1.7254793528648142,23.006391371530857,153.37594247687238,5.684341886080801E-13,6.2826780773179305,4.111476433730519E-4
0.05,239.06751806566737,153.99836375474962,3.0675188495374477,30.675188495374474,153.37594247687235,-5.684341886080801E-13,6.281588814193562,7.262528248190275E-4
0.05,240.79299095313408,153.99377993446856,4.792998202402262,38.343985619218095,153.3759424768724,1.1368683772161603E-12,6.279303004727315,0.0011275218269066964
0.05,242.90187279949427,153.9814832843963,6.901917411459257,46.01278274306171,153.37594247687235,-1.1368683772161603E-12,6.2751575324315905,0.0016154306183433671
0.05,245.39406873272063,153.95339576594782,9.394276476708434,53.681579866905324,153.3759424768722,-2.8421709430404007E-12,6.268320267802785,0.0021941361858269985
0.05,248.2692844152152,153.896149852978,12.27007539814979,61.35037699074895,153.3759424768725,5.6843418860808015E-12,6.257746058128301,0.0028736592138093333
0.05,251.52672307778363,153.78884722599415,15.529314175783329,69.01917411459257,153.3759424768725,0.0,6.242095269101069,0.003672943369135221
0.05,255.16442438198453,153.59996359175764,19.171992809609048,76.68797123843619,153.37594247687235,-2.8421709430404007E-12,6.21959515761044,0.004624604361774773
0.05,259.1778696181063,153.28290923308546,23.198111299626948,84.35676836227981,153.37594247687235,0.0,6.1878143329346695,0.005782999048201083
0.05,263.5570712150837,152.7694984119469,27.607669645837028,92.02556548612343,153.37594247687235,0.0,6.143309997213351,0.007238961905762031
0.05,268.2804978819516,151.96037938891007,32.40066784823929,99.69436260996703,153.37594247687207,-5.6843418860808015E-12,6.081118557628285,0.009148399344756843
0.05,273.3024634360184,150.71197538148894,37.57710590683373,107.36315973381065,153.37594247687235,5.6843418860808015E-12,5.994190010460822,0.011790876422083738
0.05,278.52808208731796,148.82316454586666,43.136983821620355,115.03195685765428,153.37594247687264,5.6843418860808015E-12,5.873449559025814,0.015695306535754145
0.05,283.7711378968328,146.03829976635146,49.080301592599156,122.7007539814979,153.37594247687235,-5.6843418860808015E-12,5.710862249052992,0.021917306260182987
0.05,288.56936269836996,142.25058175783377,55.20310638850147,122.21143785459458,-9.786322538066372,-3263.2453002987745,5.516050438477391,0.03221584779046929
0.05,292.40806348516423,137.75728335470978,61.121958353135106,114.54264073075096,-153.37594247687235,-2871.7923987761196,5.324529488304635,0.048923165502783646
0.05,295.20369888995015,132.98654577684593,66.65737046157656,106.87384360690734,-153.37594247687235,0.0,5.164779376357607,0.0755232780130181
0.05,297.156250256175,128.222387600991,71.80934271382584,99.20504648306371,-153.37594247687264,-5.6843418860808015E-12,5.042354359724731,0.11813789971048871
0.05,298.48744215277617,123.64512353005871,76.57787510988294,91.5362493592201,-153.37594247687235,5.6843418860808015E-12,4.951940149368967,0.18741839300032523
0.05,299.3810692830133,119.3528660179291,80.96296764974785,83.86745223537649,-153.37594247687207,5.6843418860808015E-12,4.885861059158118,0.30267282480566854
0.05,299.9729301970218,115.39561732041304,84.96462033342058,76.19865511153287,-153.37594247687235,-5.6843418860808015E-12,4.8375913035545075,0.500365270399018
0.05,300.3591436463563,111.79826474188215,88.58283316090113,68.52985798768925,-153.37594247687235,0.0,4.802308507884715,0.8527987823004561
0.05,300.60676135814674,108.57307260321419,91.8176061321895,60.86106086384563,-153.3759424768725,-2.8421709430404007E-12,4.776575922713338,1.5122748396644752
0.05,300.76227145981306,105.72602470556095,94.66893924728569,53.19226374000201,-153.37594247687235,2.8421709430404007E-12,4.7579357177227335,2.8252470474237192
0.05,300.8576782592294,103.25999462564363,97.1368325061897,45.52346661615839,-153.3759424768725,-2.8421709430404007E-12,4.744596339063975,5.6634433512892475
0.05,300.91474282238045,101.17633011369298,99.22128590890154,37.85466949231478,-153.3759424768722,5.6843418860808015E-12,4.735222570806409,12.54283707055715
0.05,300.9479668945688,99.47564398555178,100.92229945542118,30.185872368471156,-153.3759424768724,-3.979039320256561E-12,4.728802861886749,32.29256245574383
0.05,300.9667336690451,98.1582049377873,102.23987314574865,22.517075244627538,-153.37594247687235,1.1368683772161603E-12,4.724569400971943,106.65372226623391
0.05,300.9768647680655,97.22412631003616,103.17400697988393,14.848278120783919,-153.37594247687238,-5.684341886080801E-13,4.721952811378621,565.6312469516449
0.05,300.9817425422998,96.67345397914892,103.72470095782704,7.1794809969403,-153.37594247687235,5.684341886080801E-13,4.720558690756341,9841.297447966303
0.05,300.98317005955323,96.49397263247042,103.90418798275054,0.0,-143.58961993880598,195.72645076132744,4.720128012658808,1.0295585708282981E7
0.05,300.98317005955323,96.49397263247042,103.90418798275054,0.0,0.0,2871.7923987761196,4.720128012658808,1.0295585708282981E7
0.05,300.98317005955323,96.49397263247042,103.90418798275054,0.0,0.0,0.0,4.720128012658808,1.0295585708282981E7
false
Max velocity: 150.0
Max acceleration: 160.0
Max jerk: 5000.0
Waypoint 1: x: 236.0 y: 154.0 theta: 0.0
Waypoint 2: x: 301.0 y: 90.0 theta: 90.0
end
26.0
