67
0.05,212.0,63.125,0.125,5.0,100.0,2000.0,1.5707963267948966,0.0
0.05,212.0,63.500000000000014,0.5,10.0,100.0,0.0,1.5707963267948966,0.0
0.05,212.0,64.12500000000004,1.125,15.0,100.0,0.0,1.5707963267948966,0.0
0.05,212.0,64.99999999999979,2.0,20.0,100.0,0.0,1.5707963267948966,0.0
0.05,212.0,66.125,3.125,25.0,100.0,0.0,1.5707963267948966,0.0
0.05,212.0,67.50000000000054,4.5,30.0,100.0,0.0,1.5707963267948966,0.0
0.05,212.0,69.12499999999909,6.125,35.0,100.0,0.0,1.5707963267948966,0.0
0.05,212.0,70.99999999999721,8.0,40.0,100.0,0.0,1.5707963267948966,0.0
0.05,212.0,73.12499999999508,10.125,45.0,100.0,0.0,1.5707963267948966,0.0
0.05,212.0,75.49999999999271,12.5,50.0,100.0,0.0,1.5707963267948966,0.0
0.05,212.0,78.12499999999008,15.125,55.0,100.0,0.0,1.5707963267948966,0.0
0.05,212.0,80.99999999998721,18.0,60.0,100.0,0.0,1.5707963267948966,0.0
0.05,212.0,84.12499999999865,21.125,65.0,100.0,0.0,1.5707963267948966,0.0
0.05,212.0,87.50000000001401,24.5,70.0,100.0,0.0,1.5707963267948966,0.0
0.05,212.0,91.12500000003051,28.125,75.0,100.0,0.0,1.5707963267948966,0.0
0.05,212.0,95.00000000004815,32.0,80.0,100.0,0.0,1.5707963267948966,0.0
0.05,212.0,99.12500000006692,36.125,85.0,100.0,0.0,1.5707963267948966,0.0
0.05,212.00880489377641,103.49998019907073,40.5,90.0,100.0,0.0,1.563323024500754,0.0026067198276464826
0.05,212.10646825129453,108.1237596581926,45.125,95.0,100.0,0.0,1.5321598379732848,0.005778784821184684
0.05,212.4241429634713,112.98772914439515,50.0,100.0,100.0,0.0,1.474936296688289,0.009115657943890841
0.05,213.1215845528811,118.06347023726914,55.125,105.0,100.0,0.0,1.3893991969019015,0.012932400643152205
0.05,214.38063315619294,123.28592952360482,60.5,110.0,100.0,0.0,1.2754597427416885,0.017581891743842035
0.05,216.37425573913995,128.54111541971827,66.125,115.0,100.0,0.0,1.1392159661131531,0.02341041133421954
0.05,219.21022490156523,133.68047495148824,72.0,120.0,100.0,0.0,0.9951833238223547,0.030541843795305338
0.05,222.8054613268918,138.47866945447237,78.0,120.0,0.0,-2000.0,0.8642012681344021,0.03818981322593951
0.05,226.94202484964433,142.82104189646253,84.0,120.0,0.0,0.0,0.7599609819508901,0.044142604004880064
0.05,231.45219800952512,146.77594308548248,90.0,120.0,0.0,0.0,0.6845124396988924,0.04472018553634174
0.05,236.198954470618,150.44488655724751,96.0,120.0,0.0,0.0,0.6357282935962596,0.035707834846891155
0.05,241.0771767174586,153.93789060919192,102.0,120.0,0.0,0.0,0.6109062859642076,0.015740340221912247
0.05,246.00248509906467,157.36444789777647,108.0,120.0,0.0,0.0,0.6084461812873729,-0.010200455583305523
0.05,250.89778938238624,160.83356525455207,114.0,120.0,0.0,0.0,0.6284298789070069,-0.03264754375994989
0.05,255.67954468641622,164.4569477811877,120.0,120.0,0.0,0.0,0.6727707111450619,-0.04474839581933826
0.05,260.24282701110803,168.35063392140046,126.0,120.0,0.0,0.0,0.7450005368557073,-0.04626279064617986
0.05,264.4458313392183,172.6287459441732,132.0,120.0,0.0,0.0,0.8490588170910143,-0.04111239752854625
0.05,268.1024384449153,177.3798553697253,138.0,120.0,0.0,0.0,0.985764173264281,-0.033448024142860584
0.05,271.0064837677362,182.62278896514607,144.0,120.0,0.0,0.0,1.1468933144305036,-0.025882153823163164
0.05,273.0070515011889,188.2721094505277,150.0,120.0,0.0,0.0,1.31280918129272,-0.01950695512872494
0.05,274.0895137812881,194.1680389526365,156.0,120.0,0.0,0.0,1.4612578952012711,-0.014462970766330659
0.05,274.3760075824603,200.15770728469423,162.0,120.0,0.0,0.0,1.5792110150156404,-0.010470922885605747
0.05,274.05473623058674,206.14728942897676,168.0,120.0,0.0,0.0,1.6641958066392624,-0.00715483304208483
0.05,273.31891497992973,212.10125618476803,174.0,120.0,0.0,0.0,1.7184032971942929,-0.004154987003498842
0.05,272.360712161036,217.9466484293123,179.9235662151161,116.94264860464355,-61.14702790712897,-1222.9405581425794,1.7434273288126834,-0.001148234788646669
0.05,271.3722390505867,223.5827550994618,185.64569864534826,111.94264860464355,-100.0,-777.0594418574206,1.742397500818507,0.015805824174489082
0.05,270.45486457976176,228.97743588542943,191.11783107558043,106.94264860464354,-100.00000000000028,-5.6843418860808015E-12,1.7372438454299506,3.5967296920117446E-4
0.05,269.5748814654031,234.1248716994665,196.3399635058126,101.94264860464355,-99.99999999999972,1.1368683772161603E-11,1.7464760196597253,-0.04690881427832798
0.05,268.6348680194948,239.00709049968472,201.31209593604476,96.94264860464355,-100.0,-5.6843418860808015E-12,1.7806961555052179,-0.0894460166152351
0.05,267.5113082878944,243.5926825521287,206.03422836627692,91.94264860464354,-100.00000000000028,-5.6843418860808015E-12,1.8483585103600637,-0.10228557505841636
0.05,266.0708790880108,247.82411872419695,210.50636079650909,86.94264860464355,-99.99999999999972,1.1368683772161603E-11,1.958201923253284,-0.0911020050048305
0.05,264.1924127036247,251.6004521965658,214.72849322674125,81.94264860464355,-100.0,-5.6843418860808015E-12,2.1161235197603565,-0.07158564565715798
0.05,261.8216540764206,254.7794119458841,218.70062565697341,76.94264860464354,-100.00000000000028,-5.6843418860808015E-12,2.313765291775994,-0.05341204755347428
0.05,259.0405475832533,257.2432439911781,222.42275808720558,71.94264860464355,-99.99999999999972,1.1368683772161603E-11,2.519794776551655,-0.03961444301338872
0.05,256.04925460542626,258.9970197476512,225.89489051743774,66.94264860464355,-100.0,-5.6843418860808015E-12,2.6983927363058946,-0.029922756811763138
0.05,253.05024052199278,260.1683161210492,229.1170229476699,61.94264860464354,-100.00000000000028,-5.6843418860808015E-12,2.8348290843305244,-0.02315449263234536
0.05,250.17578341387244,260.9192977794814,232.08915537790207,56.942648604643544,-99.99999999999986,8.526512829121202E-12,2.933015216817642,-0.018268689777830496
0.05,247.49456860939455,261.38634849311416,234.81128780813424,51.942648604643544,-100.0,-2.8421709430404007E-12,3.0022210761656383,-0.014574566145500338
0.05,245.03875677633613,261.66783397850395,237.2834202383664,46.942648604643544,-100.0,0.0,3.050628115082765,-0.011651849961536346
0.05,242.82272100222787,261.8309125570633,239.50555266859857,41.942648604643544,-100.0,0.0,3.0841856512942463,-0.009249568176665722
0.05,240.85266937252572,261.9205424077863,241.47768509883073,36.942648604643544,-100.0,0.0,3.107042154243424,-0.007218909926479651
0.05,239.1311643423503,261.96641419777325,243.1998175290629,31.942648604643548,-99.99999999999993,1.4210854715202004E-12,3.1221308110536676,-0.005474508315696931
0.05,237.659191449937,261.9877088117588,244.67194995929506,26.942648604643544,-100.00000000000007,-2.8421709430404007E-12,3.1316043408732446,-0.003972451593270685
0.05,236.43709099567803,261.9963327809145,245.89408238952723,21.942648604643544,-100.0,1.4210854715202004E-12,3.1371113050627133,-0.0026970299194416787
0.05,235.4649631103486,261.9991959262465,246.8662148197594,16.942648604643544,-100.0,0.0,3.1399544398025965,-0.0016515553329951092
0.05,234.74283106217524,261.9998943336411,247.58834724999156,11.942648604643544,-100.0,0.0,3.141167132034063,-8.507326291538567E-4
0.05,234.27069864532518,261.9999948574818,248.06047968022372,6.942648604643544,-100.0,0.0,3.141535725410302,-3.135233185696886E-4
0.05,234.04856621512872,261.99999997021973,248.2826121104559,1.9426486046435445,-100.0,0.0,3.141590814403272,-5.656270171381144E-5
0.05,234.00000000000028,262.0,248.33117832557198,0.0,-38.852972092870885,1222.9405581425822,3.141592653589793,-3.287734667845045E-16
0.05,234.00000000000028,262.0,248.33117832557198,0.0,0.0,777.0594418574177,3.141592653589793,-3.287734667845045E-16
false
Max velocity: 120.0
Max acceleration: 100.0
Max jerk: 5000.0
Waypoint 1: x: 212.0 y: 63.0 theta: 90.0
Waypoint 2: x: 212.0 y: 100.0 theta: 90.0
Waypoint 3: x: 272.0 y: 220.0 theta: 100.0
Waypoint 4: x: 234.0 y: 262.0 theta: 180.0
end
25.0
