59
0.05,211.999999932366,63.19736842105143,0.19736842105263158,7.894736842105263,157.89473684210526,3157.894736842105,1.570797354110143,-8.406977550814273E-6
0.05,211.999995698745,63.78947368418699,0.7894736842105263,15.789473684210526,157.89473684210526,0.0,1.5708126254694181,-3.320227565637109E-5
0.05,211.9999515232261,64.77631578827844,1.7763157894736843,23.684210526315788,157.89473684210523,-5.684341886080801E-13,1.5708776755184246,-7.311257239294776E-5
0.05,211.9997316764514,66.15789471646711,3.1578947368421053,31.57894736842105,157.89473684210526,5.684341886080801E-13,1.571048309724285,-1.2602975494109425E-4
0.05,211.99899617689042,67.93421034469955,4.934210526315789,39.473684210526315,157.89473684210526,0.0,1.571395570348649,-1.8903915202445368E-4
0.05,211.99707413322992,70.10526209246487,7.105263157894736,47.368421052631575,157.8947368421052,-1.1368683772161603E-12,1.5719988844504142,-2.584717114633775E-4
0.05,211.99283324265477,72.67104796689705,9.671052631578947,55.26315789473684,157.89473684210535,2.8421709430404007E-12,1.572937603533111,-3.299892639629911E-4
0.05,211.98456797908332,75.63156252195981,12.631578947368421,63.1578947368421,157.8947368421052,-2.8421709430404007E-12,1.5742812196648557,-3.987099142884362E-4
0.05,211.96993198617423,78.98679330543581,15.986842105263158,71.05263157894737,157.89473684210535,2.8421709430404007E-12,1.576078622825128,-4.593756803244179E-4
0.05,211.9459418452891,82.73671576254844,19.736842105263158,78.94736842105263,157.8947368421052,-2.8421709430404007E-12,1.5783468442053312,-5.065571637220723E-4
0.05,211.90907944201163,86.88128740511581,23.88157894736842,86.8421052631579,157.8947368421055,5.6843418860808015E-12,1.5810598033046646,-5.348814044815312E-4
0.05,211.8555183750516,91.42044330101731,28.42105263157895,94.73684210526315,157.89473684210492,-1.1368683772161603E-11,1.5841376334031199,-5.392609140277766E-4
0.05,211.78149610478397,96.35409631803896,33.35526315789474,102.63157894736842,157.8947368421055,1.1368683772161603E-11,1.5874371881729554,-5.150962747143329E-4
0.05,211.68384785772173,101.68214651797223,38.684210526315795,110.52631578947368,157.8947368421052,-5.6843418860808015E-12,1.5907443186158126,-4.5842346025775407E-4
0.05,211.56071095083567,107.40450382879794,44.40789473684211,118.42105263157895,157.8947368421052,0.0,1.5937684450933576,-3.659811164711361E-4
0.05,211.41239967942946,113.5211256321617,50.526315789473685,126.3157894736842,157.8947368421052,0.0,1.5961398385105658,-2.3518210224501054E-4
0.05,211.2424418413646,120.03206521360227,57.03947368421053,134.21052631578948,157.8947368421055,5.6843418860808015E-12,1.5974098989748489,-6.398604451435454E-5
0.05,211.0587587228736,126.93751736981449,63.94736842105263,142.10526315789474,157.8947368421052,-5.6843418860808015E-12,1.5970546503469318,1.4931670447680377E-4
0.05,210.87496042796522,134.237833556284,71.25,150.0,157.8947368421052,0.0,1.594481772458202,4.063862710790546E-4
0.05,210.71533381569358,141.7361259666401,78.75,150.0,0.0,-3157.894736842104,1.5892184491089756,7.009944887828746E-4
0.05,210.60584399442186,149.23530597774925,86.25,150.0,0.0,0.0,1.5810775929874565,0.0010244019901677714
0.05,210.56872357547164,156.73517501368423,93.75,150.0,0.0,0.0,1.5698972143015448,0.0013752975028842596
0.05,210.62717625200622,164.23488312826674,101.25,150.0,0.0,0.0,1.555580687407872,0.001752984164697909
0.05,210.80484729078054,171.7326828211984,108.75,150.0,0.0,0.0,1.5381032068949647,0.0021570179394623757
0.05,211.12522047166803,179.2257045146981,116.25,150.0,0.0,0.0,1.5175209872243784,0.0025867554956575368
0.05,211.6109230162665,186.7097872432367,123.75,150.0,0.0,0.0,1.4939821062792182,0.003040769222251242
0.05,212.28293502521757,194.17940364573013,131.25,150.0,0.0,0.0,1.467737122163996,0.0035160767321203205
0.05,213.15972210157472,201.62771959584362,138.75,150.0,0.0,0.0,1.4391469198728946,0.004007127053559079
0.05,214.2563365230614,209.04682225678835,146.25,150.0,0.0,0.0,1.4086849506521546,0.004504491260268338
0.05,215.58355761494204,216.4281334254782,153.75,150.0,0.0,0.0,1.3769314299081044,0.004993231009117535
0.05,217.1471572672505,223.76299811101632,161.25,150.0,0.0,0.0,1.3445583557362006,0.0054509788841830414
0.05,218.9473732169888,231.04340625974717,168.75,150.0,0.0,0.0,1.3123062833480441,0.005845879494633979
0.05,220.97864630358131,238.26277733617422,176.25,150.0,0.0,0.0,1.280956123474821,0.00613473250507665
0.05,223.22963159268107,245.4167230357267,183.75,150.0,0.0,0.0,1.2513010509973168,0.00626196325547891
0.05,225.68343800499525,252.50370886989538,191.25,150.0,0.0,0.0,1.2241242482112822,0.006160406687981513
0.05,228.31800131358392,259.52555952604996,198.75,150.0,0.0,0.0,1.2001874828143961,0.005755234141949769
0.05,231.10646236223795,266.4877872522154,206.25,150.0,0.0,0.0,1.1802338477328043,0.004972458711000713
0.05,234.01740928339865,273.39975493196766,213.75,150.0,0.0,0.0,1.1650061390002162,0.003752948479599945
0.05,236.98984789261448,280.218046480057,221.18807272269862,147.52290890794504,-49.54182184109925,-990.836436821985,1.155336536155725,0.002087073943177228
0.05,239.90189792791557,286.7796583900341,228.36684974704323,139.62817206583975,-157.89473684210577,-2167.0583000201304,1.1519210913341518,7.373762202972066E-5
0.05,242.65471776248089,292.9800745986821,235.15088992928258,131.7334352237345,-157.8947368421052,1.1368683772161603E-11,1.1536716700717524,2.81682195093483E-4
0.05,245.2739184566016,298.8077778420391,241.54019326941668,123.83869838162923,-157.8947368421052,0.0,1.1378359008886922,0.004184195403045386
0.05,247.92154026981999,304.18499117176884,247.5347597674455,115.94396153952398,-157.89473684210492,5.6843418860808015E-12,1.078330043309886,0.011520758332282981
0.05,250.86597133292688,308.94250566969185,253.13458942336908,108.04922469741871,-157.8947368421055,-1.1368683772161603E-11,0.9327181943413216,0.02583257378759475
0.05,254.52109929971417,312.6130392768582,258.3396822371874,100.15448785531345,-157.8947368421052,5.6843418860808015E-12,0.5905702305145943,0.06549676481233543
0.05,259.04028014591324,314.03100665402906,263.1500382089004,92.25975101320817,-157.8947368421055,-5.6843418860808015E-12,6.2770301108653666,0.27256597450201026
0.05,263.29858225636355,312.99266570262574,267.5656573385082,84.36501417110293,-157.89473684210492,1.1368683772161603E-11,5.856969626203587,5.181529763532186
0.05,266.75718526461696,310.95392670702785,271.5865396260107,76.47027732899765,-157.8947368421055,-1.1368683772161603E-11,5.664992179741397,2.6420998678075365
0.05,269.5976145122125,308.7020717125847,275.2126850714079,68.5755404868924,-157.8947368421052,5.6843418860808015E-12,5.568938196972509,0.4778054389734129
0.05,271.97729297771724,306.5165175517021,278.4440936746999,60.680803644787126,-157.89473684210535,-2.8421709430404007E-12,5.515404534775445,0.21214273857625032
0.05,273.9848203445697,304.51255213198243,281.2807654358866,52.786066802681866,-157.8947368421052,2.8421709430404007E-12,5.4839330604618635,0.12157988073142383
0.05,275.67001513158925,302.74535319243745,283.7227003549681,44.891329960576606,-157.8947368421052,0.0,5.4652965253843675,0.07649271054971835
0.05,277.0612957149652,301.24358138454136,285.7698984319443,36.99659311847134,-157.89473684210535,-2.8421709430404007E-12,5.454636235022847,0.04885202489979969
0.05,278.17458072176464,300.02242724546824,287.4223596668152,29.101856276366078,-157.8947368421052,2.8421709430404007E-12,5.449021594096512,0.029779945162220354
0.05,279.0182158112666,299.0896091349038,288.6800840595809,21.207119434260814,-157.89473684210526,-1.1368683772161603E-12,5.446480371835107,0.016065353701190797
0.05,279.5960242960093,298.4486061549659,289.5430716102413,13.312382592155553,-157.89473684210523,5.684341886080801E-13,5.445607513478228,0.006682044252519334
0.05,279.9093718787877,298.10065210915775,290.0113223187965,5.417645750050289,-157.89473684210526,-5.684341886080801E-13,5.44543639824564,0.001512417674342119
0.05,279.99999999999994,298.00000000000006,290.14676346254777,0.0,-108.35291500100577,990.8364368219898,5.445427266222309,4.486645038617237E-16
0.05,279.99999999999994,298.00000000000006,290.14676346254777,0.0,0.0,2167.0583000201154,5.445427266222309,4.486645038617237E-16
false
Max velocity: 150.0
Max acceleration: 160.0
Max jerk: 5000.0
Waypoint 1: x: 212.0 y: 63.0 theta: 90.0
Waypoint 2: x: 240.0 y: 287.0 theta: 66.0
Waypoint 3: x: 280.0 y: 298.0 theta: -48.0
end
26.0
