22
0.05,297.90057000072824,266.1722209003753,0.198862674429499,7.95450697717996,159.0901395435992,3181.802790871984,2.094371763081167,1.460158102816256E-4
0.05,297.60236137139276,266.6889305665047,0.795450697717996,15.90901395435992,159.0901395435992,0.0,2.0940153743825753,5.987944006990587E-4
0.05,297.10612649828414,267.55056263490053,1.789764069865491,23.86352093153988,159.0901395435992,0.0,2.0924200828303836,0.0014021233266315204
0.05,296.4149294467813,268.7588735036209,3.181802790871984,31.81802790871984,159.0901395435992,0.0,2.0879218075798045,0.0026294606501475267
0.05,295.53728140459884,270.31866909044066,4.971566860737475,39.7725348858998,159.0901395435992,0.0,2.077863458292401,0.004391091165823449
0.05,294.4924662156331,272.24046963987473,7.159056279461964,47.72704186307976,159.0901395435992,0.0,2.0582342588679405,0.0068576572357649185
0.05,293.31933845344247,274.5440363327543,9.744271047045451,55.68154884025972,159.0901395435992,0.0,2.0231186505856025,0.010317542044093662
0.05,292.09087831912916,277.2617964983194,12.727211163487937,63.63605581743968,159.0901395435992,0.0,1.9639442911631413,0.015304294381046746
0.05,290.93746767930554,280.4382670923273,16.10787662878942,71.59056279461964,159.0901395435992,0.0,1.8690782543756879,0.02287662771142321
0.05,290.07646360261606,284.11395716751144,19.8862674429499,79.5450697717996,159.0901395435992,0.0,1.726605115687099,0.035221543383162385
0.05,289.8076700809747,287.9939372541995,23.780621788512917,76.22910405072103,-66.31931442157139,-4508.189079303412,1.5502529064004564,0.054937637077318385
0.05,290.18375735210566,291.58272596282706,27.39321431661947,68.27459707354106,-159.0901395435995,-1855.416502440562,1.3846028759725748,0.08250257394641076
0.05,290.98590464404543,294.6936369515133,30.608081495867026,60.320090096361106,-159.09013954359907,8.526512829121202E-12,1.2565350104571007,0.11481916499963586
0.05,291.9795487835786,297.3287360166936,33.42522332625558,52.365583119181146,-159.0901395435992,-2.8421709430404007E-12,1.1678259949486312,0.14334736666435943
0.05,292.9944617910967,299.52462818731345,35.84463980778514,44.411076142001185,-159.0901395435992,0.0,1.110860620927843,0.15522138284011236
0.05,293.92428810062376,301.3196950715883,37.866330940455704,36.456569164821225,-159.0901395435992,0.0,1.076932553368355,0.14148358263948274
0.05,294.70803233178293,302.7419949021033,39.49029672426727,28.50206218764127,-159.09013954359912,1.7053025658242404E-12,1.0587367154469058,0.10577554015818606
0.05,295.3136857048047,303.80822237785276,40.71653715921983,20.547555210461304,-159.09013954359926,-2.8421709430404007E-12,1.0504960538965364,0.06242495535294234
0.05,295.7267074182235,304.52644926981156,41.5450522453134,12.593048233281346,-159.09013954359915,2.2737367544323206E-12,1.0477283358920182,0.026172068971049258
0.05,295.9420190424083,304.8995721693269,41.97584198254797,4.6385412561013855,-159.0901395435992,-1.1368683772161603E-12,1.0472216741263225,0.005664276220954041
0.05,296.0,305.0,42.091805513950504,0.0,-92.7708251220277,1326.38628843143,1.0471975511965965,1.0069665308123103E-15
0.05,296.0,305.0,42.091805513950504,0.0,0.0,1855.416502440554,1.0471975511965965,1.0069665308123103E-15
true
Max velocity: 150.0
Max acceleration: 160.0
Max jerk: 5000.0
Waypoint 1: x: 298.0 y: 266.0 theta: -59.99999999999999
Waypoint 2: x: 296.0 y: 305.0 theta: 59.99999999999999
end
33.0
