75
0.05,229.99999990344162,63.11111111111114,0.11111111111111112,4.444444444444445,88.88888888888889,1777.7777777777776,1.5707989319553004,-5.086993124418063E-5
0.05,229.99999386105932,63.44444444436884,0.4444444444444445,8.88888888888889,88.88888888888889,0.0,1.5708376424890387,-2.0077577190564294E-4
0.05,229.99993084420285,63.99999999571645,1.0,13.333333333333332,88.88888888888886,-5.684341886080801E-13,1.5710024115391235,-4.415951327182882E-4
0.05,229.99961745295715,64.77777770428158,1.7777777777777777,17.77777777777778,88.88888888888893,1.4210854715202004E-12,1.5714341748922305,-7.597937867787511E-4
0.05,229.99856990555924,65.77777712338997,2.7777777777777777,22.22222222222222,88.88888888888886,-1.4210854715202004E-12,1.5723117887976983,-0.0011365558837712062
0.05,229.9958350104232,66.99999616733076,4.0,26.666666666666664,88.88888888888886,0.0,1.5738345591595395,-0.001548187960381188
0.05,229.98980637273962,68.4444276931094,5.444444444444445,31.11111111111111,88.88888888888893,1.4210854715202004E-12,1.5762011409013457,-0.001966949719980966
0.05,229.9780669246669,70.11105221782921,7.111111111111112,35.55555555555556,88.88888888888893,0.0,1.5795857701772282,-0.0023624142814752114
0.05,229.9572918269647,71.99982523911603,9.0,40.0,88.88888888888886,-1.4210854715202004E-12,1.5841129793544029,-0.0027033563551279987
0.05,229.92324645495668,74.11065892971658,11.11111111111111,44.44444444444444,88.88888888888886,0.0,1.5898321708168353,-0.0029600262766184137
0.05,229.8709119757698,76.44340069735534,13.444444444444445,48.888888888888886,88.88888888888886,0.0,1.5966937260376608,-0.003106529360160336
0.05,229.79476514706627,78.9978149941313,16.0,53.33333333333333,88.88888888888886,0.0,1.6045287066733986,-0.003122944427447145
0.05,229.6892284983507,81.77357881781299,18.77777777777778,57.77777777777777,88.88888888888886,0.0,1.6130346093340875,-0.0029968273484070416
0.05,229.54929128818944,84.77030373831306,21.77777777777778,62.22222222222222,88.888888888889,2.8421709430404007E-12,1.6217699423125909,-0.0027238722334708004
0.05,229.37128055567015,87.98759564128059,25.0,66.66666666666667,88.888888888889,0.0,1.6301604575793993,-0.002307722806286568
0.05,229.15373617168245,91.42515557108493,28.444444444444443,71.11111111111111,88.88888888888886,-2.8421709430404007E-12,1.637519639934064,-0.0017591869057203495
0.05,228.89831555836926,95.08291032732802,32.11111111111111,75.55555555555556,88.88888888888886,0.0,1.6430856890852443,-0.0010953511480302645
0.05,228.61062328102383,98.96114168130819,35.99999999999999,80.0,88.88888888888886,0.0,1.6460771523784565,-3.3929041954905436E-4
0.05,228.3008256675827,103.0605635391374,40.11111111111111,84.44444444444444,88.88888888888886,0.0,1.6457701002270844,4.787688930567982E-4
0.05,227.9838645769024,107.38228608906834,44.44444444444444,88.88888888888889,88.88888888888886,0.0,1.6416014973520756,0.00131780159425282
0.05,227.67901913969726,111.927617309831,49.0,93.33333333333333,88.88888888888886,0.0,1.6333055672393955,0.0021186413343429306
0.05,227.4084767321226,116.69769929762397,53.77777777777778,97.77777777777777,88.88888888888886,0.0,1.6210906482390866,0.0027917353715632854
0.05,227.19447744677257,121.69306903691853,58.77777777777778,102.22222222222223,88.88888888888914,5.6843418860808015E-12,1.6058609050888262,0.003199690378091443
0.05,227.05452271660116,126.91335677397862,64.0,106.66666666666666,88.88888888888857,-1.1368683772161603E-11,1.5894799472917658,0.0031379012096630575
0.05,226.994117262393,132.35741846543698,69.44444444444444,111.11111111111111,88.88888888888914,1.1368683772161603E-11,1.5750684224109335,0.0023261520751116293
0.05,226.9964980002527,138.0240698065389,75.11111111111111,115.55555555555554,88.88888888888857,-1.1368683772161603E-11,1.5673407854670436,4.426207627361473E-4
0.05,227.0110104268641,143.9129362981668,81.0,120.0,88.88888888888914,1.1368683772161603E-11,1.571269587894987,-0.001149008002796761
0.05,226.97114966789056,149.91275722583893,87.0,120.0,0.0,-1777.7777777777828,1.5848229352679455,-0.0019990369070732516
0.05,226.832555763244,155.91106869450422,93.0,120.0,0.0,0.0,1.6034726597101552,-0.002314426147839263
0.05,226.5768604604724,161.9055191605546,99.0,120.0,0.0,0.0,1.6232810248288954,-0.002207094232230214
0.05,226.207250794989,167.89404484714737,105.0,120.0,0.0,0.0,1.6410169715841294,-0.0017842612226978177
0.05,225.74420584109956,173.87610716215207,111.0,120.0,0.0,0.0,1.654126871541803,-0.0011284548933061759
0.05,225.2216755689962,179.85329980394914,117.0,120.0,0.0,0.0,1.660618467465668,-2.9228620085846804E-4
0.05,224.68415877034164,185.82917322147077,123.0,120.0,0.0,0.0,1.658901486637645,6.999333824398978E-4
0.05,224.18482980321122,191.80832748898837,129.0,120.0,0.0,0.0,1.6476319107655213,0.0018490567600167064
0.05,223.78454496543927,197.79483833958034,135.0,120.0,0.0,0.0,1.6256022185232846,0.003179199946728531
0.05,223.5512568001384,203.790013716057,141.0,120.0,0.0,0.0,1.5917181020044162,0.004738218752749256
0.05,223.5590386142072,209.78946499049195,147.0,120.0,0.0,0.0,1.5451070918992722,0.006600844631005903
0.05,223.88556518205667,215.77968004724403,153.0,120.0,0.0,0.0,1.4854036269079154,0.008874073257240921
0.05,224.60671118364274,221.73487060770907,159.0,120.0,0.0,0.0,1.4132122231794646,0.011703211338391844
0.05,225.78748998637988,227.6157944909537,165.0,120.0,0.0,0.0,1.3306195166398471,0.015274519038794298
0.05,227.47053939894835,233.37282848184498,171.0,120.0,0.0,0.0,1.241432571984028,0.019805667987808657
0.05,229.6663039281233,238.95439803136514,177.0,120.0,0.0,0.0,1.1507755517026301,0.02550657001403665
0.05,232.35023558903978,244.31852911634616,183.0,120.0,0.0,0.0,1.0640332484383475,0.03247682289669866
0.05,235.46909510413533,249.4424217416423,189.0,120.0,0.0,0.0,0.9856851718061592,0.04047782797196595
0.05,238.9528903439624,254.32603601955924,195.0,120.0,0.0,0.0,0.9186855425982439,0.04848944810401376
0.05,242.69932066165208,258.95799635350215,200.95813434550058,118.32537382002347,-33.49252359953056,-669.8504719906111,0.8649016595522865,0.05399487178240612
0.05,246.5562495707562,263.29614704007577,206.76329192539063,113.88092937557903,-88.88888888888886,-1107.927305787166,0.8253475189117059,0.0527537263193959
0.05,250.39961268933408,267.34534504657586,212.34622728305848,109.43648493113459,-88.88888888888886,0.0,0.7996537006560522,0.04043930608999364
0.05,254.1639344736518,271.16198429048944,217.7069404185041,104.99204048669014,-88.88888888888886,0.0,0.7869812506586612,0.01576833195696816
0.05,257.7969153945573,274.79592572494136,222.8454313317275,100.5475960422457,-88.88888888888886,0.0,0.784515693066623,5.807039086078832E-4
0.05,261.2900265873229,278.2553556647592,227.76170002272866,96.10315159780126,-88.88888888888886,0.0,0.7741621099210237,0.0027514165111474295
0.05,264.6859053305381,281.4958224383861,232.45574649150763,91.65870715335681,-88.88888888888886,0.0,0.7459784822205067,0.00616424332325991
0.05,268.0428836257215,284.44928717800246,236.92757073806436,87.21426270891237,-88.88888888888886,0.0,0.6913249131978441,0.011142264841864395
0.05,271.42866082347507,287.0148581483712,241.17717276239887,82.76981826446792,-88.88888888888914,-5.6843418860808015E-12,0.596410522416592,0.01878124931822392
0.05,274.9114657722491,289.0287757038479,245.20455256451115,78.32537382002349,-88.88888888888857,1.1368683772161603E-11,0.43734017913812584,0.031952353393519144
0.05,278.51320599457114,290.2242388393561,249.0097101444012,73.88092937557903,-88.88888888888914,-1.1368683772161603E-11,0.18367448955720944,0.0587778910685643
0.05,282.0784537918641,290.3008892442191,252.59264550206905,69.4364849311346,-88.88888888888857,1.1368683772161603E-11,6.132643091805251,0.12506867425155968
0.05,285.26698147849584,289.2818699590121,255.95335863751467,64.99204048669014,-88.88888888888914,-1.1368683772161603E-11,5.825675379659759,0.3286671193091332
0.05,287.9051179311375,287.59251028891305,259.09184955073806,60.547596042245694,-88.888888888889,2.8421709430404007E-12,5.61492129788892,1.2878182169593568
0.05,290.05950407493395,285.6301546083956,262.0081182417392,56.10315159780126,-88.88888888888872,5.6843418860808015E-12,5.482424882159404,28.279450248384276
0.05,291.8461750705346,283.61486584439297,264.70216471051816,51.65870715335681,-88.888888888889,-5.6843418860808015E-12,5.397952255728102,6.637049047946099
0.05,293.35429595124856,281.65682703236973,267.17398895707487,47.214262708912365,-88.88888888888886,2.8421709430404007E-12,5.342362470776438,1.2706249687601496
0.05,294.6436007524506,279.8135115222913,269.42359098140935,42.76981826446792,-88.88888888888886,0.0,5.30492804809447,0.5577332440617692
0.05,295.7533290434893,278.11688234601235,271.45097078352165,38.32537382002348,-88.88888888888886,0.0,5.279496968099706,0.3191975834046353
0.05,296.7093277775303,276.58568010482884,273.25612836341173,33.880929375579036,-88.88888888888886,0.0,5.262333025624423,0.20522985157153256
0.05,297.5286022481886,275.2312625490289,274.8390637210796,29.436484931134586,-88.888888888889,-2.8421709430404007E-12,5.251013540190199,0.13864128664443465
0.05,298.22217780615324,274.0605852761512,276.1997768565252,24.992040486690144,-88.88888888888886,2.8421709430404007E-12,5.243860168905757,0.09432794824472321
0.05,298.7969633612762,273.07784360322944,277.3382677697486,20.547596042245697,-88.88888888888893,-1.4210854715202004E-12,5.239637841106354,0.062311096574794514
0.05,299.2570347830871,272.28545339109456,278.25453646074976,16.103151597801254,-88.88888888888886,1.4210854715202004E-12,5.237395980216877,0.03828264249647042
0.05,299.6045719642304,271.6846885719206,278.9485829295287,11.65870715335681,-88.88888888888889,-5.684341886080801E-13,5.236390511975411,0.02046540863849113
0.05,299.84057018390183,271.27612651056364,279.4204071760854,7.214262708912366,-88.88888888888887,2.8421709430404007E-13,5.236053686084604,0.008310537730553782
0.05,299.9653772092743,271.05996828850454,279.67000920041994,2.7698182644679212,-88.88888888888889,-2.8421709430404007E-13,5.235990877340862,0.001814110184307548
0.05,300.0,271.00000000000006,279.73925465703167,0.0,-55.39636528935842,669.8504719906092,5.235987755982988,6.118666452865914E-16
0.05,300.0,271.00000000000006,279.73925465703167,0.0,0.0,1107.9273057871683,5.235987755982988,6.118666452865914E-16
false
Max velocity: 120.0
Max acceleration: 90.0
Max jerk: 5000.0
Waypoint 1: x: 63.0 y: 230.0 theta: 0.0
Waypoint 2: x: 139.0 y: 227.0 theta: 0.20943951023931953
Waypoint 3: x: 273.0 y: 256.0 theta: 45.0
Waypoint 4: x: 271.0 y: 300.0 theta: 150.00000000000003
end
26.0