32
0.05,212.0,63.20312500000001,0.203125,8.125,162.5,3250.0,1.5707963267948966,0.0
0.05,212.0,64.01562499999999,1.015625,24.375,325.0,3250.0,1.5707963267948966,0.0
0.05,212.0,65.84375000000018,2.84375,48.75,487.5,3250.0,1.5707963267948966,0.0
0.05,212.0,68.89062499999805,5.890625,73.125,487.5,0.0,1.5707963267948966,0.0
0.05,212.0,73.15624999999379,10.15625,97.5,487.5,0.0,1.5707963267948966,0.0
0.05,212.0,78.64062499999741,15.640625,121.875,487.5,0.0,1.5707963267948966,0.0
0.05,212.0,85.34375000002791,22.34375,146.25,487.5,0.0,1.5707963267948966,0.0
0.05,212.0005537900214,93.26562487878024,30.265625,170.625,487.5,0.0,1.5700677705107655,4.954681789279797E-4
0.05,212.06202607891268,102.20282247470554,39.203125,186.875,325.0,-3250.0,1.554719200253932,0.002138585845629373
0.05,212.36268795877027,111.74451967438853,48.75,195.0,162.5,-3250.0,1.5215474948161953,0.0034678553685625786
0.05,213.05443946344474,121.46912738019032,58.5,195.0,0.0,-3250.0,1.4767503281887902,0.004431455908461069
0.05,214.20700787714327,131.14977388212324,68.25,195.0,0.0,0.0,1.4276594598506827,0.004962011682326018
0.05,215.82910374627903,140.76296897560195,78.0,195.0,0.0,0.0,1.3803624622247077,0.004974413953424282
0.05,217.8751599862818,150.29518202221288,87.75,195.0,0.0,0.0,1.3398208640758564,0.0043893007009764414
0.05,220.2594272243039,159.74877934724054,97.5,195.0,0.0,0.0,1.3096063475018442,0.003197646724964701
0.05,222.87061884463972,169.14248358658415,107.25,195.0,0.0,0.0,1.2919466778336024,0.0015132680599246994
0.05,225.58385238818786,178.50734941979513,117.0,195.0,0.0,0.0,1.2879626191505098,-4.198166857107437E-4
0.05,228.26911030936694,187.88024027174825,126.75,195.0,0.0,0.0,1.2978879648593091,-0.002282890166071489
0.05,230.7977211070198,197.2964135062715,136.5,195.0,0.0,0.0,1.3211271612350501,-0.003778835564230168
0.05,233.04940748522543,206.78233305709637,146.25,195.0,0.0,0.0,1.3561171313065,-0.004716335244533129
0.05,234.91178172832258,216.28980784625372,155.93893605404264,192.5574421617062,-48.851156765875885,-977.0231353175177,1.3997811053640854,-0.005038357150272332
0.05,236.29068324727612,225.5505395021437,165.3026192161706,181.98988432341238,-211.35115676587645,-3250.0000000000114,1.4465576976690362,-0.004814904762566478
0.05,237.1745698051908,234.13668010120867,173.93479948638387,163.29732648511856,-373.85115676587645,-3250.0,1.489462938989762,-0.004212680529142592
0.05,237.65768895491686,241.6763474886442,181.4902908106398,138.92232648511856,-487.5,-2272.976864682471,1.5232842363180432,-0.003417278661375526
0.05,237.88203611256213,248.00897294928012,187.82703213489575,114.54732648511857,-487.4999999999997,5.6843418860808015E-12,1.5465211228517974,-0.0025676430721891523
0.05,237.96855296579955,253.12619148001608,192.94502345915168,90.17232648511857,-487.5,-5.6843418860808015E-12,1.560434228783075,-0.0017521450869127366
0.05,237.99427187268606,257.02534006950486,196.84426478340762,65.79732648511857,-487.5,0.0,1.5673909062222575,-0.0010418708920872687
0.05,237.99942515031717,259.70582564262804,199.52475610766356,41.422326485118575,-487.5,0.0,1.570049537086124,-5.014773215919344E-4
0.05,237.99997786275924,261.2286307843869,201.04756137787683,19.489884323412383,-438.64884323412383,977.0231353175234,1.5707104205409588,-1.7293070436688932E-4
0.05,237.99999986097143,261.85793894595434,201.6768695400048,5.6824421617061915,-276.14884323412383,3250.0,1.5707933920279324,-3.2190373430738956E-5
0.05,237.99999999999991,262.0,201.81893059404743,0.0,-113.64884323412383,3250.0,1.5707963267948974,-1.5684521372167615E-17
0.05,237.99999999999991,262.0,201.81893059404743,0.0,0.0,2272.9768646824764,1.5707963267948974,-1.5684521372167615E-17
false
Max velocity: 195.0
Max acceleration: 503.0
Max jerk: 5000.0
Waypoint 1: x: 212.0 y: 63.0 theta: 90.0
Waypoint 2: x: 212.0 y: 91.0 theta: 90.0
Waypoint 3: x: 238.0 y: 262.0 theta: -90.0
end
26.0
