25
0.05,295.8958337313912,304.819577811051,0.20833333333333331,8.333333333333332,166.66666666666663,3333.3333333333326,4.188796820764795,-2.013768852424313E-4
0.05,295.4792161696931,304.0978616270116,1.0416666666666665,25.0,333.3333333333333,3333.3333333333335,4.188954472769069,-9.958450775858492E-4
0.05,294.5427412808467,302.47347268965405,2.9166666666666665,50.0,500.0,3333.3333333333335,4.19005882116688,-0.0027122431267030222
0.05,292.9885518315631,299.76236466562204,6.041666666666666,75.0,500.0,0.0,4.194104603412484,-0.0053198704167681955
0.05,290.8386970410435,295.95203800639865,10.416666666666666,100.0,500.0,0.0,4.204097337281083,-0.008360792715996188
0.05,288.14653078948726,291.013227979155,16.041666666666664,125.0,500.0,0.0,4.223743558926664,-0.011157509394784403
0.05,285.0160259278052,284.89267431956387,22.916666666666664,150.0,500.0,0.0,4.257072436160318,-0.012987981430069103
0.05,281.7051212702573,277.702488830113,30.833333333333332,166.66666666666669,333.3333333333337,-3333.3333333333258,4.306432298653808,-0.013399978141809332
0.05,278.57834066133194,269.75525503278493,39.375,175.0,166.6666666666663,-3333.3333333333485,4.37021409900353,-0.012551730643294913
0.05,275.9414491874069,261.4140712702929,48.125,175.0,0.0,-3333.3333333333258,4.443091418746645,-0.011003765382665173
0.05,273.9350889956746,252.89936422897296,56.875,175.0,0.0,0.0,4.518944907929769,-0.009252333064657286
0.05,272.57502902397937,244.2577354583318,65.625,175.0,0.0,0.0,4.592932669959062,-0.007556089933918625
0.05,271.8336757785581,235.54088884613574,74.375,175.0,0.0,0.0,4.660855671835341,-0.006023028122886396
0.05,271.64775330879206,226.79413018391782,83.125,175.0,0.0,0.0,4.719732968235359,-0.004678462964548838
0.05,271.9268099371354,218.1229053664838,91.80154197161828,172.06167886473116,-58.766422705376726,-1175.3284541075345,4.767562467404986,-0.0035187114298875807
0.05,272.5400501821264,209.82467838227802,100.12283455313978,160.79002439612898,-225.43308937204358,-3333.333333333337,4.803050131535057,-0.0025453076425131947
0.05,273.3169192397187,202.31555509431922,107.67221107789784,141.1850365941935,-392.09975603870987,-3333.3333333333258,4.826555360385852,-0.0017602690568374682
0.05,274.09689235418523,195.92880456226084,114.10646290760752,116.18503659419348,-500.0000000000003,-2158.004879225808,4.840332935290787,-0.0011536413666684486
0.05,274.77817599514583,190.78952392730866,119.2907147373172,91.18503659419348,-500.0,5.6843418860808015E-12,4.847462534625512,-7.019552256570631E-4
0.05,275.31475938889486,186.89203720909973,123.22496656702688,66.18503659419348,-500.0,0.0,4.850629727455649,-3.798355543735909E-4
0.05,275.6863006209675,184.23362334649545,125.90921839673656,41.185036594193484,-499.99999999999983,3.410605131648481E-12,4.851730147396495,-1.7003788253537743E-4
0.05,275.89592921956836,182.74055775702652,127.41692825482795,19.12335772946232,-441.2335772946233,1175.3284541075311,4.851984206478988,-5.5740841580845734E-5
0.05,275.98122903047755,182.13356271406872,128.0298875030161,5.395012198064493,-274.56691062795653,3333.333333333335,4.852014311612679,-1.0006290935481371E-5
0.05,276.0,182.0,128.16476280796772,0.0,-107.90024396128986,3333.3333333333335,4.852015320544236,-8.083954920953943E-18
0.05,276.0,182.0,128.16476280796772,0.0,0.0,2158.004879225797,4.852015320544236,-8.083954920953943E-18
false
Max velocity: 175.0
Max acceleration: 503.0
Max jerk: 5000.0
Waypoint 1: x: 296.0 y: 305.0 theta: 59.999999999999986
Waypoint 2: x: 276.0 y: 182.0 theta: -82.0
end
35.0
