54
0.05,288.94661095026095,319.8531542616403,0.15625,6.25,125.0,2500.0,4.364025829538676,-0.006326586611598544
0.05,288.7870626397524,319.4123926277047,0.625,12.5,125.0,0.0,4.3661311476484315,-0.006276790756220327
0.05,288.52320903864825,318.6770476632209,1.40625,18.75,125.0,0.0,4.3696306464132375,-0.00619489018965882
0.05,288.15813132816356,317.64602634705983,2.5,25.0,125.0,0.0,4.374509945507496,-0.006082473861979251
0.05,287.696123766093,316.3178389876247,3.90625,31.25,125.0,0.0,4.380748259588829,-0.0059416703141283835
0.05,287.14267197371873,314.6906393776326,5.625,37.5,125.0,0.0,4.388317777562951,-0.005775059885998755
0.05,286.5044218091771,312.76227575328306,7.65625,43.75,125.0,0.0,4.397182911874247,-0.005585572565232088
0.05,285.7891366067725,310.53035185416024,10.0,50.0,125.0,0.0,4.407299455436485,-0.005376377954238766
0.05,285.00564029664275,307.99229702305945,12.65625,56.25,125.0,0.0,4.418613693572318,-0.00515077381953659
0.05,284.16374381202985,305.14544383642846,15.625,62.5,125.0,0.0,4.431061527710168,-0.004912079137709292
0.05,283.2741522834031,301.98711123777656,18.90625,68.75,125.0,0.0,4.444567675481704,-0.004663536585308149
0.05,282.3483508423399,298.5146905875753,22.5,75.0,125.0,0.0,4.45904501687268,-0.004408228186009879
0.05,281.39846743441313,294.72573149728026,26.40625,81.25,125.0,0.0,4.474394156583811,-0.004149006484297929
0.05,280.4371118664307,290.6180238474461,30.625,87.5,125.0,0.0,4.490503267206574,-0.0038884423018073775
0.05,279.47719135570986,286.1896720778833,35.15625,93.75,125.0,0.0,4.507248265036368,-0.0036287889606391606
0.05,278.5317040367427,281.43915775668864,40.0,100.0,125.0,0.0,4.5244933499249225,-0.0033719618996114788
0.05,277.61351310624576,276.36538664830937,45.15625,106.25,125.0,0.0,4.542091913188264,-0.0031195318988596977
0.05,276.7351054140175,270.9677170433491,50.625,112.5,125.0,0.0,4.559887785175106,-0.0028727296668578347
0.05,275.90833918353366,265.24596698205255,56.40625,118.75,125.0,0.0,4.5777167597777115,-0.002632459308855517
0.05,275.1441860293701,259.20039914955066,62.5,125.0,125.0,0.0,4.595408300856045,-0.0023993181482991907
0.05,274.45247241730885,252.83168355463658,68.90625,131.25,125.0,0.0,4.612787309312671,-0.002173620467094272
0.05,273.84805508738157,246.14031160577022,75.625,137.5,125.0,0.0,4.636595393553186,-0.012696731695057886
0.05,273.4652805968249,239.12001620927245,82.65625,143.75,125.0,0.0,4.67900674536911,-0.010563893158366866
0.05,273.3776127626136,231.7773437751181,90.0,150.0,125.0,0.0,4.721557938856817,-0.008789834027623294
0.05,273.602256866737,224.28123866016654,97.5,150.0,0.0,-2500.0,4.762715857838116,-0.007332257466193131
0.05,274.12520592510197,216.79995562103718,105.0,150.0,0.0,0.0,4.801155234923092,-0.006142313141866867
0.05,274.92414842110054,209.3430251449384,112.5,150.0,0.0,0.0,4.836563625586429,-0.005154777825598536
0.05,275.9746010011343,201.91727919632825,120.0,150.0,0.0,0.0,4.868713343525568,-0.004321986654665495
0.05,277.24137676392064,194.57666753221662,127.44936728027581,147.97469121103217,-40.50617577935668,-810.1235155871336,4.897270495074093,-0.003612907553852776
0.05,278.66162309706647,187.47498690293725,134.6918518408274,141.72469121103217,-125.0,-1689.8764844128664,4.921726430581103,-0.0030111336344078176
0.05,280.17220760501164,180.7117651429706,141.62183640137903,135.47469121103217,-125.0,0.0,4.942039167526238,-0.002498537302149073
0.05,281.7333923276429,174.28115074773677,148.23932096193064,129.22469121103217,-125.0,0.0,4.9586114761751015,-0.0020543819522414394
0.05,283.31185695299155,168.17699646708763,154.54430552248226,122.97469121103217,-125.0,0.0,4.971842596664634,-0.0016635813297573069
0.05,284.880048267041,162.39337034891633,160.53679008303388,116.72469121103217,-125.0,0.0,4.98211709958996,-0.001315025744150064
0.05,286.41551261382926,156.92487741026275,166.2167746435855,110.47469121103218,-124.99999999999972,5.6843418860808015E-12,4.989799107026515,-0.001000467115805403
0.05,287.9002547358676,151.76683898395655,171.5842592041371,104.22469121103217,-125.00000000000028,-1.1368683772161603E-11,4.9952299325856675,-7.137613840886982E-4
0.05,289.320143617067,146.915369275241,176.63924376468873,97.97469121103217,-125.0,5.6843418860808015E-12,4.998727728100179,-4.5034402228430877E-4
0.05,290.66437213711856,142.36738038485686,181.38172832524035,91.72469121103218,-124.99999999999972,5.6843418860808015E-12,5.000588175024292,-2.068600640069192E-4
0.05,291.92496973068944,138.12053962139726,185.81171288579196,85.47469121103217,-125.00000000000028,-1.1368683772161603E-11,5.001085603175138,1.9102237091067283E-5
0.05,293.0963636308585,134.17319685901361,189.92919744634358,79.22469121103217,-125.0,5.6843418860808015E-12,5.000474166510816,2.2920775092226877E-4
0.05,294.17498308792835,130.52429498370844,193.7341820068952,72.97469121103217,-125.0,0.0,4.998988874974815,4.245234671452212E-4
0.05,295.1589011297144,127.17327289818442,197.2266665674468,66.72469121103218,-124.99999999999972,5.6843418860808015E-12,4.996846393000008,6.056356080758887E-4
0.05,296.0475092837937,124.11996786126075,200.40665112799843,60.47469121103217,-125.00000000000014,-8.526512829121202E-12,4.994245585457586,7.727454834014975E-4
0.05,296.8412217912833,121.36452189315135,203.27413568855005,54.224691211032166,-125.00000000000014,0.0,4.991367832974014,9.257513395981856E-4
0.05,297.5412069533088,118.90729540569404,205.82912024910166,47.97469121103217,-124.99999999999986,5.6843418860808015E-12,4.988377159548383,0.0010643210171566793
0.05,298.1491442266318,116.74878999423794,208.07160480965328,41.72469121103217,-125.0,-2.8421709430404007E-12,4.98542022274244,0.0011879583985465493
0.05,298.66700646003557,114.8895813755463,210.0015893702049,35.47469121103217,-125.0,0.0,4.982626215153775,0.001296065220055263
0.05,299.0968672220426,113.33026272791395,211.6190739307565,29.22469121103217,-125.00000000000007,-1.4210854715202004E-12,4.980106719032211,0.0013879987268517852
0.05,299.4407335287499,112.07139815631132,212.92405849130813,22.974691211032173,-124.99999999999993,2.8421709430404007E-12,4.977955546525065,0.0014631248217712996
0.05,299.70040446926885,111.11348565174444,213.91654305185975,16.724691211032173,-125.0,-1.4210854715202004E-12,4.976248588223498,0.0015208657735775665
0.05,299.8773562853081,110.45692872243563,214.59652761241136,10.474691211032173,-125.0,0.0,4.975043683893476,0.0015607412028505417
0.05,299.97265442898896,110.10201583016587,214.96401217296298,4.224691211032172,-125.00000000000001,-2.8421709430404007E-13,4.974380522410197,0.0015824009464639954
0.05,300.0,110.0,215.06962945323878,0.0,-84.49382422064343,810.1235155871316,4.974188368183839,0.0015886405800578046
0.05,300.0,110.0,215.06962945323878,0.0,0.0,1689.8764844128686,4.974188368183839,0.0015886405800578046
false
Max velocity: 150.0
Max acceleration: 130.0
Max jerk: 5000.0
Waypoint 1: x: 289.0 y: 320.0 theta: 70.0
Waypoint 2: x: 274.0 y: 248.0 theta: 85.0
Waypoint 3: x: 300.0 y: 110.0 theta: -75.00000000000001
end
