69
0.05,207.1111111111335,281.9999996479744,0.11111111111111112,4.444444444444445,88.88888888888889,1777.7777777777776,6.283175807104065,1.637829389597086E-4
0.05,207.44444444356733,281.9999775657751,0.4444444444444445,8.88888888888889,88.88888888888889,0.0,6.283034153349493,6.495890962968978E-4
0.05,207.9999999424267,281.99974612112845,1.0,13.333333333333332,88.88888888888886,-5.684341886080801E-13,6.282426495115988,0.0014425765293979132
0.05,208.77777676862212,281.9985849091704,1.7777777777777777,17.77777777777778,88.88888888888893,1.4210854715202004E-12,6.280810721581603,0.0025235359165168745
0.05,209.7777685418845,281.99464709478434,2.7777777777777777,22.22222222222222,88.88888888888886,-1.4210854715202004E-12,6.277443680519544,0.0038759588946506787
0.05,210.99994368267883,281.98413621014305,4.0,26.666666666666664,88.88888888888886,0.0,6.271365693123176,0.005494300227065686
0.05,212.44418376181542,281.9602018791947,5.444444444444445,31.11111111111111,88.88888888888893,1.4210854715202004E-12,6.2613399137680466,0.007393277634574647
0.05,214.11011906191322,281.9114082858531,7.111111111111112,35.55555555555556,88.88888888888893,0.0,6.245714521832097,0.00961949129670966
0.05,215.99672507248067,281.81946280107843,9.0,40.0,88.88888888888886,-1.4210854715202004E-12,6.2221524471222205,0.012268956782361461
0.05,218.10135821093408,281.6555907397251,11.11111111111111,44.44444444444444,88.88888888888886,0.0,6.187119804528483,0.015518504809145552
0.05,220.4174170832964,281.37437734252967,13.444444444444445,48.888888888888886,88.88888888888886,0.0,6.134910603291859,0.019688966645842403
0.05,222.92842953308943,280.902910271428,16.0,53.33333333333333,88.88888888888886,0.0,6.055785955604398,0.025383617373776392
0.05,225.59240770229542,280.1221628575575,18.77777777777778,57.77777777777777,88.88888888888886,0.0,5.932780119186648,0.03381320355211017
0.05,228.3009776032748,278.8432347307687,21.77777777777778,62.22222222222222,88.888888888889,2.8421709430404007E-12,5.739508673527934,0.04757568676727359
0.05,230.79968344620772,276.8257382241003,25.0,66.66666666666667,88.888888888889,0.0,5.458153373813884,0.07224247603011848
0.05,232.69173646631413,273.964823143927,28.444444444444443,71.11111111111111,88.88888888888886,-2.8421709430404007E-12,5.142401848782658,0.11771089732148758
0.05,233.76099213510628,270.4673467261338,32.11111111111111,75.55555555555556,88.88888888888886,0.0,4.894739935460479,0.19467137839642207
0.05,234.1419554920437,266.6009396072867,35.99999999999999,80.0,88.88888888888886,0.0,4.742143285699246,0.2939541703380733
0.05,234.07595183447472,262.4914819961343,40.11111111111111,84.44444444444444,88.88888888888886,0.0,4.661034356368597,0.31708557840842533
0.05,233.77037320588676,258.1691137527931,44.44444444444444,88.88888888888889,88.88888888888886,0.0,4.629963108272529,0.09482720632835936
0.05,233.39812096514703,253.6288054095258,49.0,93.33333333333333,88.88888888888886,0.0,4.636685956875846,-0.17201266580497532
0.05,233.11052339531003,248.85992762834962,53.77777777777778,97.77777777777777,88.88888888888886,0.0,4.670622574546981,-0.18903072004563212
0.05,233.0028964778374,243.86139057896932,58.77777777777778,102.22222222222223,88.88888888888914,5.6843418860808015E-12,4.707861770695901,-0.06614445776386967
0.05,233.00098917737068,238.639172593694,64.0,106.66666666666666,88.88888888888857,-1.1368683772161603E-11,4.713263715859058,-6.212752890354334E-4
0.05,233.0169951329237,233.19475692720076,69.44444444444444,111.11111111111111,88.88888888888914,1.1368683772161603E-11,4.71803566160523,-0.0014642981429713686
0.05,233.0718927959567,227.5283739044259,75.11111111111111,115.55555555555554,88.88888888888857,-1.1368683772161603E-11,4.7266736847676185,-0.0021264490233235487
0.05,233.19020884977311,221.64070957065724,81.0,120.0,88.88888888888914,1.1368683772161603E-11,4.73874325113654,-0.0025951851253905164
0.05,233.39128347395365,215.64413359975086,87.0,120.0,0.0,-1777.7777777777828,4.75339680747382,-0.002868356467391717
0.05,233.6851930922812,209.65140214214787,93.0,120.0,0.0,0.0,4.769577777622915,-0.0029671027046277868
0.05,234.0786042394756,203.66438551404204,99.0,120.0,0.0,0.0,4.7864926321949905,-0.0029244015845497737
0.05,234.5735927494507,197.68491011324681,105.0,120.0,0.0,0.0,4.803416052878762,-0.002770927135420681
0.05,235.16808750081168,191.7145014386732,111.0,120.0,0.0,0.0,4.819697779110347,-0.0025333335267857227
0.05,235.8563623146742,185.7541662509846,117.0,120.0,0.0,0.0,4.834768699438143,-0.0022336420191566915
0.05,236.62956137794194,179.80423971796074,123.0,120.0,0.0,0.0,4.848144651135717,-0.001889345485319981
0.05,237.47623623833573,173.86431049491839,129.0,120.0,0.0,0.0,4.85942733162505,-0.0015139199475558951
0.05,238.38287223177656,167.93322506840798,135.0,120.0,0.0,0.0,4.868302582444849,-0.0011175253641642214
0.05,239.33438760164088,162.00916384069606,141.0,120.0,0.0,0.0,4.874536905159761,-7.077615867680877E-4
0.05,240.31459709508567,156.08977590899121,147.0,120.0,0.0,0.0,4.877973344646186,-2.904099619200979E-4
0.05,241.30664100041446,150.17235691538627,153.0,120.0,0.0,0.0,4.878527857084335,1.2986421660693626E-4
0.05,242.29338849409908,144.25405373647422,159.0,120.0,0.0,0.0,4.876187044970257,5.488450480407181E-4
0.05,243.24511499344612,138.41154239211647,164.91952686082846,116.78107443313795,-64.3785113372411,-1287.5702267448219,4.871095536811022,9.566329141726917E-4
0.05,244.1304427960106,132.75244622365682,170.64746947137425,112.33662998869352,-88.88888888888857,-490.2075510329496,4.863653926273379,0.0013411839467235849
0.05,244.93563498805267,127.30594250809787,176.15318985969782,107.89218554424906,-88.88888888888914,-1.1368683772161603E-11,4.854332983365008,0.001696016151435147
0.05,245.65568689200057,122.07176546967649,181.43668802579916,103.4477410998046,-88.88888888888914,0.0,4.8435885073064,0.00201651575159834
0.05,246.28892816148033,117.05028899115425,186.49796396967827,99.00329665536017,-88.88888888888857,1.1368683772161603E-11,4.831865274391387,0.002297874794419347
0.05,246.836557758974,112.24235303333148,191.33701769133518,94.55885221091572,-88.88888888888914,-1.1368683772161603E-11,4.819583733223106,0.0025352985905503253
0.05,247.30213943853803,107.6490871960697,195.95384919076986,90.11440776647129,-88.88888888888857,1.1368683772161603E-11,4.807128770820295,0.002724315610014398
0.05,247.69108128461147,103.27175104601693,200.3484584679823,85.66996332202683,-88.88888888888914,-1.1368683772161603E-11,4.794840822516547,0.0028611481399049544
0.05,248.01012236859944,99.11160401469027,204.52084552297254,81.22551887758239,-88.88888888888886,5.6843418860808015E-12,4.783009584098664,0.0029430972362033563
0.05,248.2668477995981,95.1698109183269,208.47101035574053,76.78107443313795,-88.88888888888886,0.0,4.771870432405605,0.00296889297882415
0.05,248.4692500465411,91.44738331217104,212.19895296628633,72.3366299886935,-88.88888888888886,0.0,4.761603453059646,0.002938963604884038
0.05,248.62534974986065,87.9451525538966,215.7046733546099,67.89218554424906,-88.88888888888886,0.0,4.752334783238615,0.002855586101650179
0.05,248.7428840214429,84.6637678573633,218.98817152071123,63.44774109980462,-88.88888888888886,0.0,4.744139849104224,0.0027228958152290842
0.05,248.82906518604312,81.60371166369683,222.04944746459034,59.003296655360174,-88.88888888888886,0.0,4.737048026826389,0.002546751378170298
0.05,248.89040859717804,78.76532500497572,224.88850118624725,54.55885221091573,-88.88888888888886,0.0,4.731048273764186,0.0023344704409429574
0.05,248.93262485040566,76.1488367334687,227.50533268568194,50.11440776647129,-88.88888888888886,0.0,4.726095339364276,0.0020944677467543446
0.05,248.96056945317576,73.75439209690148,229.8999419628944,45.66996332202683,-88.88888888888914,-5.6843418860808015E-12,4.722116247955265,0.0018358371969168616
0.05,248.978241660355,71.58207779456762,232.0723290178846,41.22551887758239,-88.88888888888886,5.6843418860808015E-12,4.719016826613922,0.0015679223376027526
0.05,248.98882353754306,69.63194211254583,234.0224938506526,36.781074433137945,-88.88888888888886,0.0,4.716688117317967,0.0012999154502851254
0.05,248.99475015694375,67.9040098681995,235.7504364611984,32.3366299886935,-88.88888888888886,0.0,4.715012558279611,0.00104051583617851
0.05,248.99780199090478,66.39829265469749,237.25615684952197,27.89218554424906,-88.88888888888886,0.0,4.713869845480526,7.976654256610348E-4
0.05,248.99921093279855,65.11479529025922,238.5396550156233,23.447741099804617,-88.88888888888886,0.0,4.713142396541744,5.783670754811695E-4
0.05,248.9997718845006,64.05351950252509,239.60093095950242,19.003296655360174,-88.88888888888886,0.0,4.7127203411449425,3.885799081247629E-4
0.05,248.99995248422326,63.21446580191886,240.43998468115933,14.558852210915726,-88.88888888888896,-1.9895196601282805E-12,4.71250596099421,2.3317807328769374E-4
0.05,248.99999430874877,62.597634304099074,241.056816180594,10.114407766471283,-88.88888888888886,1.9895196601282805E-12,4.712417502167192,1.1595481955523987E-4
0.05,248.9999997761443,62.20302502693073,241.45142545780647,5.669963322026837,-88.8888888888889,-8.526512829121202E-13,4.712392286337091,3.965255016620049E-5
0.05,248.9999999992296,62.03063797193977,241.6238125127967,1.225518877582393,-88.88888888888889,2.8421709430404007E-13,4.712389055814518,6.0010044821230965E-6
0.05,249.0,61.99999999999997,241.65445048473626,0.0,-24.51037755164786,1287.5702267448203,4.71238898038469,1.671773962571345E-17
0.05,249.0,61.99999999999997,241.65445048473626,0.0,0.0,490.20755103295716,4.71238898038469,1.671773962571345E-17
true
Max velocity: 120.0
Max acceleration: 90.0
Max jerk: 5000.0
Waypoint 1: x: 282.0 y: 207.0 theta: -90.0
Waypoint 2: x: 242.0 y: 233.0 theta: 0.0
Waypoint 3: x: 62.0 y: 249.0 theta: 0.0
end
