62
0.05,245.00005007182827,306.8750000123881,0.125,5.0,100.0,2000.0,4.713190063088924,-0.012690849370237092
0.05,245.000800746948,306.5000008537784,0.5,10.0,100.0,0.0,4.71559089411438,-0.012562107708832648
0.05,245.00405033026726,305.875009717463,1.125,15.0,100.0,0.0,4.719584051140633,-0.012351222275970878
0.05,245.01278539855522,305.0000544519604,2.0,20.0,100.0,0.0,4.725156596556353,-0.012063502278827576
0.05,245.0311636841789,303.8752069624575,3.125,25.0,100.0,0.0,4.732289239094187,-0.011705967887622888
0.05,245.06448771557083,302.50061514072695,4.5,30.0,100.0,0.0,4.740955186891458,-0.011286983214349245
0.05,245.11916692370272,300.87654234293836,6.125,35.0,100.0,0.0,4.751118723939589,-0.010815842578025914
0.05,245.20266544021806,299.0034130169431,8.0,40.0,100.0,0.0,4.762733557356941,-0.010302342697575682
0.05,245.32343249144185,296.8818624868658,10.125,45.0,100.0,0.0,4.7757410024494344,-0.009756371079348004
0.05,245.49081219333874,294.51278829111175,12.5,50.0,100.0,0.0,4.790068094333026,-0.009187535612277845
0.05,245.7149297473096,291.89739972914924,15.125,55.0,100.0,0.0,4.805625737927611,-0.008604853315836703
0.05,246.00655157926195,289.03726161538015,18.0,60.0,100.0,0.0,4.822307028239342,-0.008016508522856928
0.05,246.3769178981632,285.9343276124762,21.125,65.0,100.0,0.0,4.839985886536255,-0.0074296835114672525
0.05,246.83754746511403,282.5909581375087,24.5,70.0,100.0,0.0,4.858516159567087,-0.006850458499953659
0.05,247.40001598874213,279.0099178122029,28.125,75.0,100.0,0.0,4.877731313568868,-0.006283773385737899
0.05,248.07571136211428,275.1943478104459,32.0,80.0,100.0,0.0,4.897444819355036,-0.0057334407295996275
0.05,248.8755707031654,271.1477093994792,36.125,85.0,100.0,0.0,4.917451268169101,-0.005202198133070704
0.05,249.80980559233544,266.8736963942301,40.5,90.0,100.0,0.0,4.937528184120191,-0.00469178802359324
0.05,250.8876227270955,262.3761160992681,45.125,95.0,100.0,0.0,4.9574384154496745,-0.004203053603678311
0.05,252.11694719331672,257.6587403868062,50.0,100.0,100.0,0.0,4.9769329051452385,-0.0037360409823698915
0.05,253.50415453823078,252.72513061778375,55.125,105.0,100.0,0.0,4.995753574283308,-0.003290098986782655
0.05,255.0538158096021,247.5784418850588,60.5,110.0,100.0,0.0,5.013636010409288,-0.0028639696018659283
0.05,256.76845683549186,242.2212133322528,66.125,115.0,100.0,0.0,5.03031164545266,-0.002455863219781778
0.05,258.6483295174979,236.65515196350918,72.0,120.0,100.0,0.0,5.045509134451322,-0.002063513747650852
0.05,260.648745094378,230.99849085369152,78.0,120.0,0.0,-2000.0,5.0587046452913,-0.00169168991153406
0.05,262.71706214080916,225.36628789558216,84.0,120.0,0.0,0.0,5.069570331870931,-0.0013429785925299675
0.05,264.8399716091269,219.7544222993998,90.0,120.0,0.0,0.0,5.078127466261417,-0.0010120753144914085
0.05,267.0044160709663,214.15843605490167,96.0,120.0,0.0,0.0,5.084395750195561,-6.942776952763492E-4
0.05,269.1975456188938,208.57362319840826,102.0,120.0,0.0,0.0,5.088391238914337,-3.853146734712551E-4
0.05,271.40666163926306,202.99511110838716,108.0,120.0,0.0,0.0,5.090124873517523,-8.120015977565028E-5
0.05,273.61915262645954,197.4179359671641,114.0,120.0,0.0,0.0,5.089601571145058,2.2189755521643203E-4
0.05,275.82242571801504,191.83711486118085,120.0,120.0,0.0,0.0,5.086819836757716,5.277779883580572E-4
0.05,278.00383734084323,186.24771716235426,126.0,120.0,0.0,0.0,5.081771879895655,8.403289104332521E-4
0.05,280.15062629710036,180.64493786576202,132.0,120.0,0.0,0.0,5.074444241488086,0.0011636515748315419
0.05,282.2498527868896,175.02417546538223,138.0,120.0,0.0,0.0,5.064818956862267,0.0015021976399865215
0.05,284.28834725165945,169.38111670962493,144.0,120.0,0.0,0.0,5.05287529873968,0.001860925661711679
0.05,286.23409060370255,163.7667487820663,149.94202258686204,117.68090347448205,-46.381930510358984,-927.6386102071797,5.0387414276532185,0.0022416271143953707
0.05,288.03791787910416,158.29755239852147,155.70106776058614,112.68090347448205,-100.0,-1072.3613897928203,5.022836217375042,0.002640796106080511
0.05,289.6763759985729,153.03786796752706,161.21011293431025,107.68090347448204,-100.00000000000028,-5.6843418860808015E-12,5.005578538086316,0.0030568000111409607
0.05,291.1507918360172,147.98981104289643,166.46915810803435,102.68090347448205,-99.99999999999972,1.1368683772161603E-11,4.987238504113771,0.0034916878294319214
0.05,292.46466121091396,143.15622919374522,171.47820328175845,97.68090347448205,-100.0,-5.6843418860808015E-12,4.968082926936416,0.003947009358087492
0.05,293.62341517799797,138.54048798013582,176.23724845548256,92.68090347448204,-100.00000000000028,-5.6843418860808015E-12,4.948373537720421,0.004423750311060493
0.05,294.63417284352386,134.14626689774505,180.74629362920666,87.68090347448205,-99.99999999999972,1.1368683772161603E-11,4.928364538785164,0.004922249530110629
0.05,295.5054801497476,129.97737247094597,185.00533880293077,82.68090347448205,-100.0,-5.6843418860808015E-12,4.9082997888975095,0.0054421035873177094
0.05,296.24703732308046,126.03757472816915,189.01438397665487,77.68090347448204,-100.00000000000028,-5.6843418860808015E-12,4.888409938356092,0.00598206512984966
0.05,296.86942019491136,122.3304717651238,192.77342915037897,72.68090347448205,-99.99999999999972,1.1368683772161603E-11,4.868909806152287,0.006539942669314225
0.05,297.3838021668107,118.85938517340426,196.28247432410308,67.68090347448205,-100.0,-5.6843418860808015E-12,4.849996237295061,0.00711251100413514
0.05,297.8016841384753,115.62728701316706,199.54151949782718,62.68090347448204,-100.00000000000028,-5.6843418860808015E-12,4.831846603032235,0.007695442872349835
0.05,298.1346393227835,112.63675700541097,202.55056467155129,57.680903474482044,-99.99999999999986,8.526512829121202E-12,4.814618022629339,0.008283273490942914
0.05,298.3940787333514,109.88996695609302,205.3096098452754,52.680903474482044,-100.0,-2.8421709430404007E-12,4.79844730517083,0.008869410013907147
0.05,298.59104152084916,107.38868820940559,207.8186550189995,47.680903474482044,-100.0,0.0,4.783451543244915,0.009446197283399366
0.05,298.736012533599,105.13431725009775,210.0777001927236,42.680903474482044,-100.0,0.0,4.769729243393533,0.010005049217007728
0.05,298.8387677383224,103.12791439210721,212.0867453664477,37.680903474482044,-100.0,0.0,4.757361852290682,0.010536651536271206
0.05,298.90824664362776,101.37025068488549,213.8457905401718,32.680903474482044,-100.0,0.0,4.746415530509701,0.011031236261933522
0.05,298.9524497252651,99.8618586948244,215.3548357138959,27.680903474482044,-100.0,0.0,4.736943033613615,0.011478921695045429
0.05,298.9783581032881,98.60308344093724,216.61388088762,22.680903474482044,-100.0,0.0,4.728985577330795,0.011870104062428465
0.05,298.991872343764,97.59413049745729,217.62292606134412,17.680903474482044,-100.0,0.0,4.722574585658697,0.012195879485725956
0.05,298.9977672075318,96.83510895643747,218.38197123506822,12.680903474482044,-100.0,0.0,4.717733243469739,0.01244846857418558
0.05,298.9996593781263,96.32606752366743,218.89101640879232,7.680903474482043,-100.00000000000001,-2.8421709430404007E-13,4.714477795940298,0.012621611918380246
0.05,298.9999856037537,96.06702258542697,219.15006158251643,2.6809034744820437,-99.99999999999997,8.526512829121202E-13,4.712818555147663,0.012710904028959406
0.05,299.0,96.0,219.21708416937847,0.0,-53.618069489640874,927.638610207182,4.71238898038469,0.012734138024702501
0.05,299.0,96.0,219.21708416937847,0.0,0.0,1072.3613897928174,4.71238898038469,0.012734138024702501
false
Max velocity: 120.0
Max acceleration: 100.0
Max jerk: 5000.0
Waypoint 1: x: 245.0 y: 307.0 theta: 90.0
Waypoint 2: x: 299.0 y: 96.0 theta: 90.0
end
32.0