42
0.05,9.840911778862638E-18,0.16071428571428537,0.1607142857142857,6.428571428571428,128.57142857142856,2571.428571428571,1.5707963267948966,0.0
0.05,3.9363647115451E-17,0.6428571428571488,0.6428571428571428,12.857142857142856,128.57142857142856,0.0,1.5707963267948966,0.0
0.05,8.856820600976628E-17,1.4464285714286098,1.4464285714285712,19.285714285714285,128.57142857142856,0.0,1.5707963267948966,0.0
0.05,1.574545884618077E-16,2.5714285714286556,2.571428571428571,25.71428571428571,128.57142857142853,-5.684341886080801E-13,1.5707963267948966,0.0
0.05,2.460227944715696E-16,4.017857142857193,4.017857142857142,32.142857142857146,128.57142857142867,2.8421709430404007E-12,1.5707963267948966,0.0
0.05,3.542728240390257E-16,5.785714285713794,5.785714285714286,38.57142857142857,128.57142857142847,-3.979039320256561E-12,1.5707963267948966,0.0
0.05,4.82204677164217E-16,7.87499999999913,7.875,45.0,128.5714285714286,2.8421709430404007E-12,1.5707963267948966,0.0
0.05,6.29818353847214E-16,10.285714285714349,10.285714285714285,51.42857142857142,128.57142857142847,-2.8421709430404007E-12,1.5707963267948966,0.0
0.05,7.971138540879441E-16,13.017857142858265,13.017857142857142,57.85714285714286,128.57142857142875,5.6843418860808015E-12,1.5707963267948966,0.0
0.05,9.84091177886316E-16,16.07142857142939,16.07142857142857,64.28571428571429,128.5714285714286,-2.8421709430404007E-12,1.5707963267948966,0.0
0.05,1.1907503252422253E-15,19.446428571426015,19.44642857142857,70.71428571428571,128.57142857142833,-5.6843418860808015E-12,1.5707963267948966,0.0
0.05,1.4170912961558399E-15,23.142857142850886,23.14285714285714,77.14285714285714,128.5714285714286,5.6843418860808015E-12,1.5707963267948966,0.0
0.05,1.6631140906271606E-15,27.160714285704014,27.16071428571428,83.57142857142857,128.5714285714286,0.0,1.5707963267948966,0.0
0.05,1.9288187086561864E-15,31.499999999985388,31.499999999999996,90.0,128.5714285714286,0.0,1.5707963267948966,0.0
0.05,2.2043642384640655E-15,35.999999999980886,36.0,90.0,0.0,-2571.428571428572,1.5707963267948966,0.0
0.05,2.4799097682719447E-15,40.499999999976396,40.5,90.0,0.0,0.0,1.5707963267948966,0.0
0.05,2.7554552980798235E-15,44.99999999997189,45.0,90.0,0.0,0.0,1.5707963267948966,0.0
0.05,3.0310008278877023E-15,49.499999999967386,49.5,90.0,0.0,0.0,1.5707963267948966,0.0
0.05,3.3065463576955814E-15,53.99999999996289,54.0,90.0,0.0,0.0,1.5707963267948966,0.0
0.05,3.58209188750346E-15,58.49999999995838,58.5,90.0,0.0,0.0,1.5707963267948966,0.0
0.05,3.857637417312359E-15,62.99999999997055,63.0,90.0,0.0,0.0,1.5707963267948966,0.0
0.05,4.133182947121767E-15,67.49999999999102,67.5,90.0,0.0,0.0,1.5707963267948966,0.0
0.05,4.408728476931176E-15,72.00000000001151,72.0,90.0,0.0,0.0,1.5707963267948966,0.0
0.05,4.6842740067405845E-15,76.50000000003199,76.5,90.0,0.0,0.0,1.5707963267948966,0.0
0.05,4.959819536549993E-15,81.00000000005247,81.0,90.0,0.0,0.0,1.5707963267948966,0.0
0.05,5.235365066359401E-15,85.50000000007294,85.5,90.0,0.0,0.0,1.5707963267948966,0.0
0.05,5.507630292242004E-15,89.94642857151354,89.94642857142036,87.85714285681435,-42.85714286371302,-857.1428572742605,1.5707963267948966,0.0
0.05,5.766774302418896E-15,94.17857142865924,94.17857142854679,81.42857142824292,-128.5714285714286,-1714.2857141543118,1.5707963267948966,0.0
0.05,6.006236489037971E-15,98.0892857143749,98.08928571424465,74.9999999996715,-128.57142857142833,5.6843418860808015E-12,1.5707963267948966,0.0
0.05,6.226016852099232E-15,101.67857142866053,101.67857142851395,68.57142857110006,-128.5714285714289,-1.1368683772161603E-11,1.5707963267948966,0.0
0.05,6.426115391602677E-15,104.94642857151611,104.94642857135466,62.142857142528634,-128.57142857142847,8.526512829121202E-12,1.5707963267948966,0.0
0.05,6.606532107548307E-15,107.89285714294165,107.8928571427668,55.71428571395721,-128.57142857142847,0.0,1.5707963267948966,0.0
0.05,6.7672669999361225E-15,110.51785714293717,110.51785714275037,49.28571428538579,-128.57142857142847,0.0,1.5707963267948966,0.0
0.05,6.908320068766123E-15,112.82142857150265,112.82142857130538,42.857142856814356,-128.5714285714286,-2.8421709430404007E-12,1.5707963267948966,0.0
0.05,7.02969131403831E-15,114.80357142863811,114.80357142843181,36.42857142824292,-128.57142857142875,-2.8421709430404007E-12,1.5707963267948966,0.0
0.05,7.13138073575268E-15,116.46428571434353,116.46428571412967,29.99999999967149,-128.57142857142853,4.547473508864641E-12,1.5707963267948966,0.0
0.05,7.213388333909237E-15,117.80357142861892,117.80357142839897,23.571428571100064,-128.57142857142853,0.0,1.5707963267948966,0.0
0.05,7.275714108507979E-15,118.82142857146425,118.82142857123968,17.142857142528637,-128.57142857142853,0.0,1.5707963267948966,0.0
0.05,7.318358059548905E-15,119.51785714287959,119.51785714265182,10.714285713957208,-128.57142857142856,-5.684341886080801E-13,1.5707963267948966,0.0
0.05,7.341320187032016E-15,119.89285714286486,119.89285714263539,4.285714285385779,-128.57142857142858,-5.684341886080801E-13,1.5707963267948966,0.0
0.05,7.347880794884118E-15,119.99999999999999,119.99999999977004,0.0,-85.71428570771556,857.1428572742605,1.5707963267948966,0.0
0.05,7.347880794884118E-15,119.99999999999999,119.99999999977004,0.0,0.0,1714.285714154311,1.5707963267948966,0.0
false
Max velocity: 90.0
Max acceleration: 130.0
Max jerk: 8000.0
Waypoint 1: x: 0.0 y: 0.0 theta: 90.0
Waypoint 2: x: 0.0 y: 120.0 theta: 90.0
end
